1 1.298364
2 0.723403
3 0.523637
4 0.418059
5 0.351595
6 0.305427
7 0.271252
8 0.244803
9 0.223646
10 0.206286
11 0.191752
12 0.179380
13 0.168705
14 0.159387
15 0.151172
16 0.143869
17 0.137327
18 0.131428
19 0.126079
20 0.121202
21 0.116735
22 0.112627
23 0.108834
24 0.105319
25 0.102051
26 0.099005
27 0.096158
28 0.093489
29 0.090982
30 0.088622
31 0.086395
32 0.084290
33 0.082298
34 0.080408
35 0.078613
36 0.076905
37 0.075278
38 0.073726
39 0.072243
40 0.070826
41 0.069469
42 0.068168
43 0.066921
44 0.065723
45 0.064571
46 0.063463
47 0.062396
48 0.061368
49 0.060377
50 0.059420
51 0.058496
52 0.057603
53 0.056740
54 0.055904
55 0.055095
56 0.054311
57 0.053551
58 0.052813
59 0.052098
60 0.051403
61 0.050728
62 0.050072
63 0.049434
64 0.048814
65 0.048210
66 0.047622
67 0.047049
68 0.046491
69 0.045947
70 0.045416
71 0.044899
72 0.044394
73 0.043901
74 0.043419
75 0.042949
76 0.042489
77 0.042040
78 0.041601
79 0.041171
80 0.040751
81 0.040340
82 0.039937
83 0.039543
84 0.039157
85 0.038779
86 0.038408
87 0.038045
88 0.037689
89 0.037340
90 0.036998
91 0.036662
92 0.036332
93 0.036009
94 0.035692
95 0.035380
96 0.035074
97 0.034774
98 0.034478
99 0.034188
100 0.033903
101 0.033623
102 0.033348
103 0.033077
104 0.032811
105 0.032549
106 0.032292
107 0.032038
108 0.031789
109 0.031543
110 0.031302
111 0.031064
112 0.030830
113 0.030600
114 0.030373
115 0.030149
116 0.029929
117 0.029712
118 0.029498
119 0.029287
120 0.029079
121 0.028875
122 0.028673
123 0.028474
124 0.028278
125 0.028084
126 0.027894
127 0.027705
128 0.027520
129 0.027336
130 0.027156
131 0.026977
132 0.026801
133 0.026628
134 0.026456
135 0.026287
136 0.026120
137 0.025955
138 0.025792
139 0.025631
140 0.025472
141 0.025315
142 0.025160
143 0.025006
144 0.024855
145 0.024705
146 0.024558
147 0.024412
148 0.024267
149 0.024124
150 0.023983
151 0.023844
152 0.023706
153 0.023570
154 0.023435
155 0.023302
156 0.023170
157 0.023040
158 0.022911
159 0.022783
160 0.022657
161 0.022533
162 0.022409
163 0.022287
164 0.022166
165 0.022047
166 0.021928
167 0.021811
168 0.021695
169 0.021581
170 0.021467
171 0.021355
172 0.021244
173 0.021133
174 0.021024
175 0.020916
176 0.020809
177 0.020704
178 0.020599
179 0.020495
180 0.020392
181 0.020290
182 0.020190
183 0.020090
184 0.019991
185 0.019893
186 0.019796
187 0.019699
188 0.019604
189 0.019509
190 0.019416
191 0.019323
192 0.019231
193 0.019140
194 0.019050
195 0.018960
196 0.018872
197 0.018784
198 0.018697
199 0.018610
200 0.018525
201 0.018440
202 0.018356
203 0.018272
204 0.018190
205 0.018107
206 0.018026
207 0.017946
208 0.017866
209 0.017786
210 0.017708
211 0.017630
212 0.017552
213 0.017475
214 0.017399
215 0.017324
216 0.017249
217 0.017175
218 0.017101
219 0.017028
220 0.016955
221 0.016883
222 0.016812
223 0.016741
224 0.016671
225 0.016601
226 0.016532
227 0.016463
228 0.016395
229 0.016327
230 0.016260
231 0.016193
232 0.016127
233 0.016062
234 0.015997
235 0.015932
236 0.015868
237 0.015804
238 0.015741
239 0.015678
240 0.015616
241 0.015554
242 0.015492
243 0.015431
244 0.015371
245 0.015311
246 0.015251
247 0.015192
248 0.015133
249 0.015074
250 0.015016
251 0.014959
252 0.014901
253 0.014844
254 0.014788
255 0.014732
256 0.014676
257 0.014621
258 0.014566
259 0.014511
260 0.014457
261 0.014403
262 0.014350
263 0.014297
264 0.014244
265 0.014191
266 0.014139
267 0.014088
268 0.014036
269 0.013985
270 0.013934
271 0.013884
272 0.013834
273 0.013784
274 0.013735
275 0.013686
276 0.013637
277 0.013588
278 0.013540
279 0.013492
280 0.013444
281 0.013397
282 0.013350
283 0.013303
284 0.013257
285 0.013211
286 0.013165
287 0.013119
288 0.013074
289 0.013029
290 0.012984
291 0.012939
292 0.012895
293 0.012851
294 0.012808
295 0.012764
296 0.012721
297 0.012678
298 0.012635
299 0.012593
300 0.012551
301 0.012509
302 0.012467
303 0.012425
304 0.012384
305 0.012343
306 0.012302
307 0.012262
308 0.012222
309 0.012181
310 0.012142
311 0.012102
312 0.012063
313 0.012023
314 0.011984
315 0.011946
316 0.011907
317 0.011869
318 0.011831
319 0.011793
320 0.011755
321 0.011718
322 0.011680
323 0.011643
324 0.011606
325 0.011570
326 0.011533
327 0.011497
328 0.011461
329 0.011425
330 0.011389
331 0.011354
332 0.011318
333 0.011283
334 0.011248
335 0.011213
336 0.011179
337 0.011144
338 0.011110
339 0.011076
340 0.011042
341 0.011008
342 0.010975
343 0.010941
344 0.010908
345 0.010875
346 0.010842
347 0.010809
348 0.010777
349 0.010744
350 0.010712
351 0.010680
352 0.010648
353 0.010617
354 0.010585
355 0.010553
356 0.010522
357 0.010491
358 0.010460
359 0.010429
360 0.010399
361 0.010368
362 0.010338
363 0.010307
364 0.010277
365 0.010247
366 0.010218
367 0.010188
368 0.010158
369 0.010129
370 0.010100
371 0.010071
372 0.010042
373 0.010013
374 0.009984
375 0.009955
376 0.009927
377 0.009899
378 0.009870
379 0.009842
380 0.009814
381 0.009787
382 0.009759
383 0.009731
384 0.009704
385 0.009677
386 0.009650
387 0.009623
388 0.009596
389 0.009569
390 0.009542
391 0.009516
392 0.009489
393 0.009463
394 0.009436
395 0.009410
396 0.009384
397 0.009359
398 0.009333
399 0.009307
400 0.009282
401 0.009256
402 0.009231
403 0.009206
404 0.009180
405 0.009155
406 0.009131
407 0.009106
408 0.009081
409 0.009057
410 0.009032
411 0.009008
412 0.008983
413 0.008959
414 0.008935
415 0.008911
416 0.008887
417 0.008864
418 0.008840
419 0.008816
420 0.008793
421 0.008769
422 0.008746
423 0.008723
424 0.008700
425 0.008677
426 0.008654
427 0.008631
428 0.008608
429 0.008586
430 0.008563
431 0.008541
432 0.008518
433 0.008496
434 0.008474
435 0.008452
436 0.008430
437 0.008408
438 0.008386
439 0.008364
440 0.008343
441 0.008321
442 0.008300
443 0.008278
444 0.008257
445 0.008236
446 0.008215
447 0.008193
448 0.008172
449 0.008152
450 0.008131
451 0.008110
452 0.008089
453 0.008069
454 0.008048
455 0.008028
456 0.008007
457 0.007987
458 0.007967
459 0.007947
460 0.007927
461 0.007907
462 0.007887
463 0.007867
464 0.007847
465 0.007827
466 0.007808
467 0.007788
468 0.007769
469 0.007749
470 0.007730
471 0.007711
472 0.007692
473 0.007672
474 0.007653
475 0.007634
476 0.007615
477 0.007597
478 0.007578
479 0.007559
480 0.007540
481 0.007522
482 0.007503
483 0.007485
484 0.007466
485 0.007448
486 0.007430
487 0.007412
488 0.007394
489 0.007376
490 0.007358
491 0.007340
492 0.007322
493 0.007304
494 0.007286
495 0.007268
496 0.007251
497 0.007233
498 0.007216
499 0.007198
500 0.007181
501 0.007164
502 0.007146
503 0.007129
504 0.007112
505 0.007095
506 0.007078
507 0.007061
508 0.007044
509 0.007027
510 0.007010
511 0.006993
512 0.006977
513 0.006960
514 0.006944
515 0.006927
516 0.006911
517 0.006894
518 0.006878
519 0.006861
520 0.006845
521 0.006829
522 0.006813
523 0.006797
524 0.006781
525 0.006765
526 0.006749
527 0.006733
528 0.006717
529 0.006701
530 0.006685
531 0.006670
532 0.006654
533 0.006639
534 0.006623
535 0.006608
536 0.006592
537 0.006577
538 0.006561
539 0.006546
540 0.006531
541 0.006516
542 0.006501
543 0.006485
544 0.006470
545 0.006455
546 0.006440
547 0.006425
548 0.006411
549 0.006396
550 0.006381
551 0.006366
552 0.006352
553 0.006337
554 0.006322
555 0.006308
556 0.006293
557 0.006279
558 0.006265
559 0.006250
560 0.006236
561 0.006222
562 0.006207
563 0.006193
564 0.006179
565 0.006165
566 0.006151
567 0.006137
568 0.006123
569 0.006109
570 0.006095
571 0.006081
572 0.006067
573 0.006054
574 0.006040
575 0.006026
576 0.006013
577 0.005999
578 0.005985
579 0.005972
580 0.005958
581 0.005945
582 0.005932
583 0.005918
584 0.005905
585 0.005892
586 0.005878
587 0.005865
588 0.005852
589 0.005839
590 0.005826
591 0.005813
592 0.005800
593 0.005787
594 0.005774
595 0.005761
596 0.005748
597 0.005735
598 0.005722
599 0.005710
600 0.005697
601 0.005684
602 0.005672
603 0.005659
604 0.005646
605 0.005634
606 0.005621
607 0.005609
608 0.005596
609 0.005584
610 0.005572
611 0.005559
612 0.005547
613 0.005535
614 0.005523
615 0.005510
616 0.005498
617 0.005486
618 0.005474
619 0.005462
620 0.005450
621 0.005438
622 0.005426
623 0.005414
624 0.005402
625 0.005390
626 0.005379
627 0.005367
628 0.005355
629 0.005343
630 0.005332
631 0.005320
632 0.005308
633 0.005297
634 0.005285
635 0.005274
636 0.005262
637 0.005251
638 0.005239
639 0.005228
640 0.005217
641 0.005205
642 0.005194
643 0.005183
644 0.005171
645 0.005160
646 0.005149
647 0.005138
648 0.005127
649 0.005116
650 0.005105
651 0.005094
652 0.005083
653 0.005072
654 0.005061
655 0.005050
656 0.005039
657 0.005028
658 0.005017
659 0.005006
660 0.004996
661 0.004985
662 0.004974
663 0.004963
664 0.004953
665 0.004942
666 0.004932
667 0.004921
668 0.004910
669 0.004900
670 0.004889
671 0.004879
672 0.004869
673 0.004858
674 0.004848
675 0.004837
676 0.004827
677 0.004817
678 0.004806
679 0.004796
680 0.004786
681 0.004776
682 0.004766
683 0.004756
684 0.004745
685 0.004735
686 0.004725
687 0.004715
688 0.004705
689 0.004695
690 0.004685
691 0.004675
692 0.004665
693 0.004656
694 0.004646
695 0.004636
696 0.004626
697 0.004616
698 0.004607
699 0.004597
700 0.004587
701 0.004577
702 0.004568
703 0.004558
704 0.004549
705 0.004539
706 0.004529
707 0.004520
708 0.004510
709 0.004501
710 0.004491
711 0.004482
712 0.004473
713 0.004463
714 0.004454
715 0.004444
716 0.004435
717 0.004426
718 0.004417
719 0.004407
720 0.004398
721 0.004389
722 0.004380
723 0.004371
724 0.004361
725 0.004352
726 0.004343
727 0.004334
728 0.004325
729 0.004316
730 0.004307
731 0.004298
732 0.004289
733 0.004280
734 0.004271
735 0.004262
736 0.004254
737 0.004245
738 0.004236
739 0.004227
740 0.004218
741 0.004210
742 0.004201
743 0.004192
744 0.004183
745 0.004175
746 0.004166
747 0.004157
748 0.004149
749 0.004140
750 0.004132
751 0.004123
752 0.004115
753 0.004106
754 0.004098
755 0.004089
756 0.004081
757 0.004072
758 0.004064
759 0.004055
760 0.004047
761 0.004039
762 0.004030
763 0.004022
764 0.004014
765 0.004006
766 0.003997
767 0.003989
768 0.003981
769 0.003973
770 0.003965
771 0.003956
772 0.003948
773 0.003940
774 0.003932
775 0.003924
776 0.003916
777 0.003908
778 0.003900
779 0.003892
780 0.003884
781 0.003876
782 0.003868
783 0.003860
784 0.003852
785 0.003844
786 0.003837
787 0.003829
788 0.003821
789 0.003813
790 0.003805
791 0.003798
792 0.003790
793 0.003782
794 0.003774
795 0.003767
796 0.003759
797 0.003751
798 0.003744
799 0.003736
800 0.003729
801 0.003721
802 0.003713
803 0.003706
804 0.003698
805 0.003691
806 0.003683
807 0.003676
808 0.003668
809 0.003661
810 0.003654
811 0.003646
812 0.003639
813 0.003631
814 0.003624
815 0.003617
816 0.003609
817 0.003602
818 0.003595
819 0.003587
820 0.003580
821 0.003573
822 0.003566
823 0.003559
824 0.003551
825 0.003544
826 0.003537
827 0.003530
828 0.003523
829 0.003516
830 0.003509
831 0.003502
832 0.003494
833 0.003487
834 0.003480
835 0.003473
836 0.003466
837 0.003459
838 0.003453
839 0.003446
840 0.003439
841 0.003432
842 0.003425
843 0.003418
844 0.003411
845 0.003404
846 0.003397
847 0.003391
848 0.003384
849 0.003377
850 0.003370
851 0.003363
852 0.003357
853 0.003350
854 0.003343
855 0.003337
856 0.003330
857 0.003323
858 0.003317
859 0.003310
860 0.003303
861 0.003297
862 0.003290
863 0.003284
864 0.003277
865 0.003271
866 0.003264
867 0.003258
868 0.003251
869 0.003245
870 0.003238
871 0.003232
872 0.003225
873 0.003219
874 0.003212
875 0.003206
876 0.003200
877 0.003193
878 0.003187
879 0.003181
880 0.003174
881 0.003168
882 0.003162
883 0.003155
884 0.003149
885 0.003143
886 0.003137
887 0.003130
888 0.003124
889 0.003118
890 0.003112
891 0.003106
892 0.003099
893 0.003093
894 0.003087
895 0.003081
896 0.003075
897 0.003069
898 0.003063
899 0.003057
900 0.003051
901 0.003045
902 0.003039
903 0.003033
904 0.003027
905 0.003021
906 0.003015
907 0.003009
908 0.003003
909 0.002997
910 0.002991
911 0.002985
912 0.002979
913 0.002973
914 0.002967
915 0.002962
916 0.002956
917 0.002950
918 0.002944
919 0.002938
920 0.002933
921 0.002927
922 0.002921
923 0.002915
924 0.002910
925 0.002904
926 0.002898
927 0.002892
928 0.002887
929 0.002881
930 0.002875
931 0.002870
932 0.002864
933 0.002859
934 0.002853
935 0.002847
936 0.002842
937 0.002836
938 0.002831
939 0.002825
940 0.002820
941 0.002814
942 0.002808
943 0.002803
944 0.002797
945 0.002792
946 0.002787
947 0.002781
948 0.002776
949 0.002770
950 0.002765
951 0.002759
952 0.002754
953 0.002749
954 0.002743
955 0.002738
956 0.002733
957 0.002727
958 0.002722
959 0.002717
960 0.002711
961 0.002706
962 0.002701
963 0.002696
964 0.002690
965 0.002685
966 0.002680
967 0.002675
968 0.002669
969 0.002664
970 0.002659
971 0.002654
972 0.002649
973 0.002644
974 0.002638
975 0.002633
976 0.002628
977 0.002623
978 0.002618
979 0.002613
980 0.002608
981 0.002603
982 0.002598
983 0.002593
984 0.002588
985 0.002583
986 0.002578
987 0.002573
988 0.002568
989 0.002563
990 0.002558
991 0.002553
992 0.002548
993 0.002543
994 0.002538
995 0.002533
996 0.002528
997 0.002523
998 0.002518
999 0.002513
1000 0.002509
1001 0.002504
1002 0.002499
1003 0.002494
1004 0.002489
1005 0.002485
1006 0.002480
1007 0.002475
1008 0.002470
1009 0.002465
1010 0.002461
1011 0.002456
1012 0.002451
1013 0.002446
1014 0.002442
1015 0.002437
1016 0.002432
1017 0.002428
1018 0.002423
1019 0.002418
1020 0.002414
1021 0.002409
1022 0.002404
1023 0.002400
1024 0.002395
1025 0.002391
1026 0.002386
1027 0.002381
1028 0.002377
1029 0.002372
1030 0.002368
1031 0.002363
1032 0.002359
1033 0.002354
1034 0.002350
1035 0.002345
1036 0.002341
1037 0.002336
1038 0.002332
1039 0.002327
1040 0.002323
1041 0.002318
1042 0.002314
1043 0.002309
1044 0.002305
1045 0.002301
1046 0.002296
1047 0.002292
1048 0.002287
1049 0.002283
1050 0.002279
1051 0.002274
1052 0.002270
1053 0.002266
1054 0.002261
1055 0.002257
1056 0.002253
1057 0.002248
1058 0.002244
1059 0.002240
1060 0.002235
1061 0.002231
1062 0.002227
1063 0.002223
1064 0.002218
1065 0.002214
1066 0.002210
1067 0.002206
1068 0.002202
1069 0.002197
1070 0.002193
1071 0.002189
1072 0.002185
1073 0.002181
1074 0.002177
1075 0.002172
1076 0.002168
1077 0.002164
1078 0.002160
1079 0.002156
1080 0.002152
1081 0.002148
1082 0.002144
1083 0.002140
1084 0.002136
1085 0.002132
1086 0.002127
1087 0.002123
1088 0.002119
1089 0.002115
1090 0.002111
1091 0.002107
1092 0.002103
1093 0.002099
1094 0.002095
1095 0.002091
1096 0.002088
1097 0.002084
1098 0.002080
1099 0.002076
1100 0.002072
1101 0.002068
1102 0.002064
1103 0.002060
1104 0.002056
1105 0.002052
1106 0.002048
1107 0.002044
1108 0.002041
1109 0.002037
1110 0.002033
1111 0.002029
1112 0.002025
1113 0.002021
1114 0.002018
1115 0.002014
1116 0.002010
1117 0.002006
1118 0.002002
1119 0.001999
1120 0.001995
1121 0.001991
1122 0.001987
1123 0.001984
1124 0.001980
1125 0.001976
1126 0.001972
1127 0.001969
1128 0.001965
1129 0.001961
1130 0.001958
1131 0.001954
1132 0.001950
1133 0.001947
1134 0.001943
1135 0.001939
1136 0.001936
1137 0.001932
1138 0.001928
1139 0.001925
1140 0.001921
1141 0.001918
1142 0.001914
1143 0.001910
1144 0.001907
1145 0.001903
1146 0.001900
1147 0.001896
1148 0.001893
1149 0.001889
1150 0.001886
1151 0.001882
1152 0.001878
1153 0.001875
1154 0.001871
1155 0.001868
1156 0.001864
1157 0.001861
1158 0.001858
1159 0.001854
1160 0.001851
1161 0.001847
1162 0.001844
1163 0.001840
1164 0.001837
1165 0.001833
1166 0.001830
1167 0.001827
1168 0.001823
1169 0.001820
1170 0.001816
1171 0.001813
1172 0.001810
1173 0.001806
1174 0.001803
1175 0.001799
1176 0.001796
1177 0.001793
1178 0.001789
1179 0.001786
1180 0.001783
1181 0.001779
1182 0.001776
1183 0.001773
1184 0.001770
1185 0.001766
1186 0.001763
1187 0.001760
1188 0.001756
1189 0.001753
1190 0.001750
1191 0.001747
1192 0.001743
1193 0.001740
1194 0.001737
1195 0.001734
1196 0.001731
1197 0.001727
1198 0.001724
1199 0.001721
1200 0.001718
1201 0.001715
1202 0.001711
1203 0.001708
1204 0.001705
1205 0.001702
1206 0.001699
1207 0.001696
1208 0.001693
1209 0.001689
1210 0.001686
1211 0.001683
1212 0.001680
1213 0.001677
1214 0.001674
1215 0.001671
1216 0.001668
1217 0.001665
1218 0.001662
1219 0.001658
1220 0.001655
1221 0.001652
1222 0.001649
1223 0.001646
1224 0.001643
1225 0.001640
1226 0.001637
1227 0.001634
1228 0.001631
1229 0.001628
1230 0.001625
1231 0.001622
1232 0.001619
1233 0.001616
1234 0.001613
1235 0.001610
1236 0.001607
1237 0.001604
1238 0.001601
1239 0.001598
1240 0.001596
1241 0.001593
1242 0.001590
1243 0.001587
1244 0.001584
1245 0.001581
1246 0.001578
1247 0.001575
1248 0.001572
1249 0.001569
1250 0.001567
1251 0.001564
1252 0.001561
1253 0.001558
1254 0.001555
1255 0.001552
1256 0.001549
1257 0.001547
1258 0.001544
1259 0.001541
1260 0.001538
1261 0.001535
1262 0.001532
1263 0.001530
1264 0.001527
1265 0.001524
1266 0.001521
1267 0.001519
1268 0.001516
1269 0.001513
1270 0.001510
1271 0.001507
1272 0.001505
1273 0.001502
1274 0.001499
1275 0.001497
1276 0.001494
1277 0.001491
1278 0.001488
1279 0.001486
1280 0.001483
1281 0.001480
1282 0.001478
1283 0.001475
1284 0.001472
1285 0.001470
1286 0.001467
1287 0.001464
1288 0.001462
1289 0.001459
1290 0.001456
1291 0.001454
1292 0.001451
1293 0.001448
1294 0.001446
1295 0.001443
1296 0.001440
1297 0.001438
1298 0.001435
1299 0.001433
1300 0.001430
1301 0.001427
1302 0.001425
1303 0.001422
1304 0.001420
1305 0.001417
1306 0.001415
1307 0.001412
1308 0.001409
1309 0.001407
1310 0.001404
1311 0.001402
1312 0.001399
1313 0.001397
1314 0.001394
1315 0.001392
1316 0.001389
1317 0.001387
1318 0.001384
1319 0.001382
1320 0.001379
1321 0.001377
1322 0.001374
1323 0.001372
1324 0.001369
1325 0.001367
1326 0.001364
1327 0.001362
1328 0.001360
1329 0.001357
1330 0.001355
1331 0.001352
1332 0.001350
1333 0.001347
1334 0.001345
1335 0.001342
1336 0.001340
1337 0.001338
1338 0.001335
1339 0.001333
1340 0.001330
1341 0.001328
1342 0.001326
1343 0.001323
1344 0.001321
1345 0.001319
1346 0.001316
1347 0.001314
1348 0.001312
1349 0.001309
1350 0.001307
1351 0.001305
1352 0.001302
1353 0.001300
1354 0.001298
1355 0.001295
1356 0.001293
1357 0.001291
1358 0.001288
1359 0.001286
1360 0.001284
1361 0.001281
1362 0.001279
1363 0.001277
1364 0.001275
1365 0.001272
1366 0.001270
1367 0.001268
1368 0.001265
1369 0.001263
1370 0.001261
1371 0.001259
1372 0.001257
1373 0.001254
1374 0.001252
1375 0.001250
1376 0.001248
1377 0.001245
1378 0.001243
1379 0.001241
1380 0.001239
1381 0.001237
1382 0.001234
1383 0.001232
1384 0.001230
1385 0.001228
1386 0.001226
1387 0.001223
1388 0.001221
1389 0.001219
1390 0.001217
1391 0.001215
1392 0.001213
1393 0.001211
1394 0.001208
1395 0.001206
1396 0.001204
1397 0.001202
1398 0.001200
1399 0.001198
1400 0.001196
1401 0.001193
1402 0.001191
1403 0.001189
1404 0.001187
1405 0.001185
1406 0.001183
1407 0.001181
1408 0.001179
1409 0.001177
1410 0.001175
1411 0.001173
1412 0.001171
1413 0.001168
1414 0.001166
1415 0.001164
1416 0.001162
1417 0.001160
1418 0.001158
1419 0.001156
1420 0.001154
1421 0.001152
1422 0.001150
1423 0.001148
1424 0.001146
1425 0.001144
1426 0.001142
1427 0.001140
1428 0.001138
1429 0.001136
1430 0.001134
1431 0.001132
1432 0.001130
1433 0.001128
1434 0.001126
1435 0.001124
1436 0.001122
1437 0.001120
1438 0.001118
1439 0.001116
1440 0.001114
1441 0.001112
1442 0.001111
1443 0.001109
1444 0.001107
1445 0.001105
1446 0.001103
1447 0.001101
1448 0.001099
1449 0.001097
1450 0.001095
1451 0.001093
1452 0.001091
1453 0.001089
1454 0.001087
1455 0.001086
1456 0.001084
1457 0.001082
1458 0.001080
1459 0.001078
1460 0.001076
1461 0.001074
1462 0.001072
1463 0.001071
1464 0.001069
1465 0.001067
1466 0.001065
1467 0.001063
1468 0.001061
1469 0.001060
1470 0.001058
1471 0.001056
1472 0.001054
1473 0.001052
1474 0.001050
1475 0.001049
1476 0.001047
1477 0.001045
1478 0.001043
1479 0.001041
1480 0.001040
1481 0.001038
1482 0.001036
1483 0.001034
1484 0.001032
1485 0.001031
1486 0.001029
1487 0.001027
1488 0.001025
1489 0.001023
1490 0.001022
1491 0.001020
1492 0.001018
1493 0.001016
1494 0.001015
1495 0.001013
1496 0.001011
1497 0.001009
1498 0.001008
1499 0.001006
1500 0.001004
1501 0.001003
1502 0.001001
1503 0.000999
1504 0.000997
1505 0.000996
1506 0.000994
1507 0.000992
1508 0.000991
1509 0.000989
1510 0.000987
1511 0.000986
1512 0.000984
1513 0.000982
1514 0.000980
1515 0.000979
1516 0.000977
1517 0.000975
1518 0.000974
1519 0.000972
1520 0.000970
1521 0.000969
1522 0.000967
1523 0.000965
1524 0.000964
1525 0.000962
1526 0.000961
1527 0.000959
1528 0.000957
1529 0.000956
1530 0.000954
1531 0.000952
1532 0.000951
1533 0.000949
1534 0.000948
1535 0.000946
1536 0.000944
1537 0.000943
1538 0.000941
1539 0.000940
1540 0.000938
1541 0.000936
1542 0.000935
1543 0.000933
1544 0.000932
1545 0.000930
1546 0.000928
1547 0.000927
1548 0.000925
1549 0.000924
1550 0.000922
1551 0.000921
1552 0.000919
1553 0.000918
1554 0.000916
1555 0.000914
1556 0.000913
1557 0.000911
1558 0.000910
1559 0.000908
1560 0.000907
1561 0.000905
1562 0.000904
1563 0.000902
1564 0.000901
1565 0.000899
1566 0.000898
1567 0.000896
1568 0.000895
1569 0.000893
1570 0.000892
1571 0.000890
1572 0.000889
1573 0.000887
1574 0.000886
1575 0.000884
1576 0.000883
1577 0.000881
1578 0.000880
1579 0.000878
1580 0.000877
1581 0.000875
1582 0.000874
1583 0.000872
1584 0.000871
1585 0.000869
1586 0.000868
1587 0.000867
1588 0.000865
1589 0.000864
1590 0.000862
1591 0.000861
1592 0.000859
1593 0.000858
1594 0.000856
1595 0.000855
1596 0.000854
1597 0.000852
1598 0.000851
1599 0.000849
1600 0.000848
1601 0.000847
1602 0.000845
1603 0.000844
1604 0.000842
1605 0.000841
1606 0.000840
1607 0.000838
1608 0.000837
1609 0.000835
1610 0.000834
1611 0.000833
1612 0.000831
1613 0.000830
1614 0.000828
1615 0.000827
1616 0.000826
1617 0.000824
1618 0.000823
1619 0.000822
1620 0.000820
1621 0.000819
1622 0.000818
1623 0.000816
1624 0.000815
1625 0.000814
1626 0.000812
1627 0.000811
1628 0.000810
1629 0.000808
1630 0.000807
1631 0.000806
1632 0.000804
1633 0.000803
1634 0.000802
1635 0.000800
1636 0.000799
1637 0.000798
1638 0.000796
1639 0.000795
1640 0.000794
1641 0.000792
1642 0.000791
1643 0.000790
1644 0.000789
1645 0.000787
1646 0.000786
1647 0.000785
1648 0.000783
1649 0.000782
1650 0.000781
1651 0.000780
1652 0.000778
1653 0.000777
1654 0.000776
1655 0.000774
1656 0.000773
1657 0.000772
1658 0.000771
1659 0.000769
1660 0.000768
1661 0.000767
1662 0.000766
1663 0.000764
1664 0.000763
1665 0.000762
1666 0.000761
1667 0.000759
1668 0.000758
1669 0.000757
1670 0.000756
1671 0.000755
1672 0.000753
1673 0.000752
1674 0.000751
1675 0.000750
1676 0.000748
1677 0.000747
1678 0.000746
1679 0.000745
1680 0.000744
1681 0.000742
1682 0.000741
1683 0.000740
1684 0.000739
1685 0.000738
1686 0.000736
1687 0.000735
1688 0.000734
1689 0.000733
1690 0.000732
1691 0.000731
1692 0.000729
1693 0.000728
1694 0.000727
1695 0.000726
1696 0.000725
1697 0.000724
1698 0.000722
1699 0.000721
1700 0.000720
1701 0.000719
1702 0.000718
1703 0.000717
1704 0.000715
1705 0.000714
1706 0.000713
1707 0.000712
1708 0.000711
1709 0.000710
1710 0.000709
1711 0.000708
1712 0.000706
1713 0.000705
1714 0.000704
1715 0.000703
1716 0.000702
1717 0.000701
1718 0.000700
1719 0.000699
1720 0.000697
1721 0.000696
1722 0.000695
1723 0.000694
1724 0.000693
1725 0.000692
1726 0.000691
1727 0.000690
1728 0.000689
1729 0.000688
1730 0.000686
1731 0.000685
1732 0.000684
1733 0.000683
1734 0.000682
1735 0.000681
1736 0.000680
1737 0.000679
1738 0.000678
1739 0.000677
1740 0.000676
1741 0.000675
1742 0.000674
1743 0.000672
1744 0.000671
1745 0.000670
1746 0.000669
1747 0.000668
1748 0.000667
1749 0.000666
1750 0.000665
1751 0.000664
1752 0.000663
1753 0.000662
1754 0.000661
1755 0.000660
1756 0.000659
1757 0.000658
1758 0.000657
1759 0.000656
1760 0.000655
1761 0.000654
1762 0.000653
1763 0.000652
1764 0.000651
1765 0.000650
1766 0.000649
1767 0.000648
1768 0.000647
1769 0.000646
1770 0.000645
1771 0.000644
1772 0.000643
1773 0.000642
1774 0.000641
1775 0.000640
1776 0.000639
1777 0.000638
1778 0.000637
1779 0.000636
1780 0.000635
1781 0.000634
1782 0.000633
1783 0.000632
1784 0.000631
1785 0.000630
1786 0.000629
1787 0.000628
1788 0.000627
1789 0.000626
1790 0.000625
1791 0.000624
1792 0.000623
1793 0.000622
1794 0.000621
1795 0.000620
1796 0.000619
1797 0.000618
1798 0.000617
1799 0.000616
1800 0.000615
1801 0.000614
1802 0.000613
1803 0.000612
1804 0.000612
1805 0.000611
1806 0.000610
1807 0.000609
1808 0.000608
1809 0.000607
1810 0.000606
1811 0.000605
1812 0.000604
1813 0.000603
1814 0.000602
1815 0.000601
1816 0.000600
1817 0.000599
1818 0.000599
1819 0.000598
1820 0.000597
1821 0.000596
1822 0.000595
1823 0.000594
1824 0.000593
1825 0.000592
1826 0.000591
1827 0.000590
1828 0.000589
1829 0.000589
1830 0.000588
1831 0.000587
1832 0.000586
1833 0.000585
1834 0.000584
1835 0.000583
1836 0.000582
1837 0.000581
1838 0.000581
1839 0.000580
1840 0.000579
1841 0.000578
1842 0.000577
1843 0.000576
1844 0.000575
1845 0.000574
1846 0.000574
1847 0.000573
1848 0.000572
1849 0.000571
1850 0.000570
1851 0.000569
1852 0.000568
1853 0.000568
1854 0.000567
1855 0.000566
1856 0.000565
1857 0.000564
1858 0.000563
1859 0.000563
1860 0.000562
1861 0.000561
1862 0.000560
1863 0.000559
1864 0.000558
1865 0.000557
1866 0.000557
1867 0.000556
1868 0.000555
1869 0.000554
1870 0.000553
1871 0.000552
1872 0.000552
1873 0.000551
1874 0.000550
1875 0.000549
1876 0.000548
1877 0.000548
1878 0.000547
1879 0.000546
1880 0.000545
1881 0.000544
1882 0.000544
1883 0.000543
1884 0.000542
1885 0.000541
1886 0.000540
1887 0.000540
1888 0.000539
1889 0.000538
1890 0.000537
1891 0.000536
1892 0.000536
1893 0.000535
1894 0.000534
1895 0.000533
1896 0.000532
1897 0.000532
1898 0.000531
1899 0.000530
1900 0.000529
1901 0.000528
1902 0.000528
1903 0.000527
1904 0.000526
1905 0.000525
1906 0.000525
1907 0.000524
1908 0.000523
1909 0.000522
1910 0.000522
1911 0.000521
1912 0.000520
1913 0.000519
1914 0.000518
1915 0.000518
1916 0.000517
1917 0.000516
1918 0.000515
1919 0.000515
1920 0.000514
1921 0.000513
1922 0.000512
1923 0.000512
1924 0.000511
1925 0.000510
1926 0.000509
1927 0.000509
1928 0.000508
1929 0.000507
1930 0.000507
1931 0.000506
1932 0.000505
1933 0.000504
1934 0.000504
1935 0.000503
1936 0.000502
1937 0.000501
1938 0.000501
1939 0.000500
1940 0.000499
1941 0.000499
1942 0.000498
1943 0.000497
1944 0.000496
1945 0.000496
1946 0.000495
1947 0.000494
1948 0.000494
1949 0.000493
1950 0.000492
1951 0.000491
1952 0.000491
1953 0.000490
1954 0.000489
1955 0.000489
1956 0.000488
1957 0.000487
1958 0.000487
1959 0.000486
1960 0.000485
1961 0.000484
1962 0.000484
1963 0.000483
1964 0.000482
1965 0.000482
1966 0.000481
1967 0.000480
1968 0.000480
1969 0.000479
1970 0.000478
1971 0.000478
1972 0.000477
1973 0.000476
1974 0.000476
1975 0.000475
1976 0.000474
1977 0.000474
1978 0.000473
1979 0.000472
1980 0.000472
1981 0.000471
1982 0.000470
1983 0.000470
1984 0.000469
1985 0.000468
1986 0.000468
1987 0.000467
1988 0.000466
1989 0.000466
1990 0.000465
1991 0.000464
1992 0.000464
1993 0.000463
1994 0.000462
1995 0.000462
1996 0.000461
1997 0.000460
1998 0.000460
1999 0.000459
2000 0.000458
2001 0.000458
2002 0.000457
2003 0.000456
2004 0.000456
2005 0.000455
2006 0.000455
2007 0.000454
2008 0.000453
2009 0.000453
2010 0.000452
2011 0.000451
2012 0.000451
2013 0.000450
2014 0.000450
2015 0.000449
2016 0.000448
2017 0.000448
2018 0.000447
2019 0.000446
2020 0.000446
2021 0.000445
2022 0.000445
2023 0.000444
2024 0.000443
2025 0.000443
2026 0.000442
2027 0.000441
2028 0.000441
2029 0.000440
2030 0.000440
2031 0.000439
2032 0.000438
2033 0.000438
2034 0.000437
2035 0.000437
2036 0.000436
2037 0.000435
2038 0.000435
2039 0.000434
2040 0.000434
2041 0.000433
2042 0.000432
2043 0.000432
2044 0.000431
2045 0.000431
2046 0.000430
2047 0.000430
2048 0.000429
2049 0.000428
2050 0.000428
2051 0.000427
2052 0.000427
2053 0.000426
2054 0.000425
2055 0.000425
2056 0.000424
2057 0.000424
2058 0.000423
2059 0.000423
2060 0.000422
2061 0.000421
2062 0.000421
2063 0.000420
2064 0.000420
2065 0.000419
2066 0.000419
2067 0.000418
2068 0.000417
2069 0.000417
2070 0.000416
2071 0.000416
2072 0.000415
2073 0.000415
2074 0.000414
2075 0.000413
2076 0.000413
2077 0.000412
2078 0.000412
2079 0.000411
2080 0.000411
2081 0.000410
2082 0.000410
2083 0.000409
2084 0.000409
2085 0.000408
2086 0.000407
2087 0.000407
2088 0.000406
2089 0.000406
2090 0.000405
2091 0.000405
2092 0.000404
2093 0.000404
2094 0.000403
2095 0.000403
2096 0.000402
2097 0.000401
2098 0.000401
2099 0.000400
2100 0.000400
2101 0.000399
2102 0.000399
2103 0.000398
2104 0.000398
2105 0.000397
2106 0.000397
2107 0.000396
2108 0.000396
2109 0.000395
2110 0.000395
2111 0.000394
2112 0.000394
2113 0.000393
2114 0.000393
2115 0.000392
2116 0.000391
2117 0.000391
2118 0.000390
2119 0.000390
2120 0.000389
2121 0.000389
2122 0.000388
2123 0.000388
2124 0.000387
2125 0.000387
2126 0.000386
2127 0.000386
2128 0.000385
2129 0.000385
2130 0.000384
2131 0.000384
2132 0.000383
2133 0.000383
2134 0.000382
2135 0.000382
2136 0.000381
2137 0.000381
2138 0.000380
2139 0.000380
2140 0.000379
2141 0.000379
2142 0.000378
2143 0.000378
2144 0.000377
2145 0.000377
2146 0.000376
2147 0.000376
2148 0.000375
2149 0.000375
2150 0.000374
2151 0.000374
2152 0.000373
2153 0.000373
2154 0.000373
2155 0.000372
2156 0.000372
2157 0.000371
2158 0.000371
2159 0.000370
2160 0.000370
2161 0.000369
2162 0.000369
2163 0.000368
2164 0.000368
2165 0.000367
2166 0.000367
2167 0.000366
2168 0.000366
2169 0.000365
2170 0.000365
2171 0.000364
2172 0.000364
2173 0.000364
2174 0.000363
2175 0.000363
2176 0.000362
2177 0.000362
2178 0.000361
2179 0.000361
2180 0.000360
2181 0.000360
2182 0.000359
2183 0.000359
2184 0.000358
2185 0.000358
2186 0.000358
2187 0.000357
2188 0.000357
2189 0.000356
2190 0.000356
2191 0.000355
2192 0.000355
2193 0.000354
2194 0.000354
2195 0.000353
2196 0.000353
2197 0.000353
2198 0.000352
2199 0.000352
2200 0.000351
2201 0.000351
2202 0.000350
2203 0.000350
2204 0.000349
2205 0.000349
2206 0.000349
2207 0.000348
2208 0.000348
2209 0.000347
2210 0.000347
2211 0.000346
2212 0.000346
2213 0.000346
2214 0.000345
2215 0.000345
2216 0.000344
2217 0.000344
2218 0.000343
2219 0.000343
2220 0.000343
2221 0.000342
2222 0.000342
2223 0.000341
2224 0.000341
2225 0.000340
2226 0.000340
2227 0.000340
2228 0.000339
2229 0.000339
2230 0.000338
2231 0.000338
2232 0.000337
2233 0.000337
2234 0.000337
2235 0.000336
2236 0.000336
2237 0.000335
2238 0.000335
2239 0.000335
2240 0.000334
2241 0.000334
2242 0.000333
2243 0.000333
2244 0.000332
2245 0.000332
2246 0.000332
2247 0.000331
2248 0.000331
2249 0.000330
2250 0.000330
2251 0.000330
2252 0.000329
2253 0.000329
2254 0.000328
2255 0.000328
2256 0.000328
2257 0.000327
2258 0.000327
2259 0.000326
2260 0.000326
2261 0.000326
2262 0.000325
2263 0.000325
2264 0.000324
2265 0.000324
2266 0.000324
2267 0.000323
2268 0.000323
2269 0.000322
2270 0.000322
2271 0.000322
2272 0.000321
2273 0.000321
2274 0.000321
2275 0.000320
2276 0.000320
2277 0.000319
2278 0.000319
2279 0.000319
2280 0.000318
2281 0.000318
2282 0.000317
2283 0.000317
2284 0.000317
2285 0.000316
2286 0.000316
2287 0.000316
2288 0.000315
2289 0.000315
2290 0.000314
2291 0.000314
2292 0.000314
2293 0.000313
2294 0.000313
2295 0.000312
2296 0.000312
2297 0.000312
2298 0.000311
2299 0.000311
2300 0.000311
2301 0.000310
2302 0.000310
2303 0.000310
2304 0.000309
2305 0.000309
2306 0.000308
2307 0.000308
2308 0.000308
2309 0.000307
2310 0.000307
2311 0.000307
2312 0.000306
2313 0.000306
2314 0.000305
2315 0.000305
2316 0.000305
2317 0.000304
2318 0.000304
2319 0.000304
2320 0.000303
2321 0.000303
2322 0.000303
2323 0.000302
2324 0.000302
2325 0.000302
2326 0.000301
2327 0.000301
2328 0.000300
2329 0.000300
2330 0.000300
2331 0.000299
2332 0.000299
2333 0.000299
2334 0.000298
2335 0.000298
2336 0.000298
2337 0.000297
2338 0.000297
2339 0.000297
2340 0.000296
2341 0.000296
2342 0.000296
2343 0.000295
2344 0.000295
2345 0.000295
2346 0.000294
2347 0.000294
2348 0.000293
2349 0.000293
2350 0.000293
2351 0.000292
2352 0.000292
2353 0.000292
2354 0.000291
2355 0.000291
2356 0.000291
2357 0.000290
2358 0.000290
2359 0.000290
2360 0.000289
2361 0.000289
2362 0.000289
2363 0.000288
2364 0.000288
2365 0.000288
2366 0.000287
2367 0.000287
2368 0.000287
2369 0.000286
2370 0.000286
2371 0.000286
2372 0.000285
2373 0.000285
2374 0.000285
2375 0.000284
2376 0.000284
2377 0.000284
2378 0.000283
2379 0.000283
2380 0.000283
2381 0.000283
2382 0.000282
2383 0.000282
2384 0.000282
2385 0.000281
2386 0.000281
2387 0.000281
2388 0.000280
2389 0.000280
2390 0.000280
2391 0.000279
2392 0.000279
2393 0.000279
2394 0.000278
2395 0.000278
2396 0.000278
2397 0.000277
2398 0.000277
2399 0.000277
2400 0.000276
2401 0.000276
2402 0.000276
2403 0.000276
2404 0.000275
2405 0.000275
2406 0.000275
2407 0.000274
2408 0.000274
2409 0.000274
2410 0.000273
2411 0.000273
2412 0.000273
2413 0.000272
2414 0.000272
2415 0.000272
2416 0.000271
2417 0.000271
2418 0.000271
2419 0.000271
2420 0.000270
2421 0.000270
2422 0.000270
2423 0.000269
2424 0.000269
2425 0.000269
2426 0.000268
2427 0.000268
2428 0.000268
2429 0.000268
2430 0.000267
2431 0.000267
2432 0.000267
2433 0.000266
2434 0.000266
2435 0.000266
2436 0.000265
2437 0.000265
2438 0.000265
2439 0.000265
2440 0.000264
2441 0.000264
2442 0.000264
2443 0.000263
2444 0.000263
2445 0.000263
2446 0.000263
2447 0.000262
2448 0.000262
2449 0.000262
2450 0.000261
2451 0.000261
2452 0.000261
2453 0.000261
2454 0.000260
2455 0.000260
2456 0.000260
2457 0.000259
2458 0.000259
2459 0.000259
2460 0.000258
2461 0.000258
2462 0.000258
2463 0.000258
2464 0.000257
2465 0.000257
2466 0.000257
2467 0.000257
2468 0.000256
2469 0.000256
2470 0.000256
2471 0.000255
2472 0.000255
2473 0.000255
2474 0.000255
2475 0.000254
2476 0.000254
2477 0.000254
2478 0.000253
2479 0.000253
2480 0.000253
2481 0.000253
2482 0.000252
2483 0.000252
2484 0.000252
2485 0.000252
2486 0.000251
2487 0.000251
2488 0.000251
2489 0.000250
2490 0.000250
2491 0.000250
2492 0.000250
2493 0.000249
2494 0.000249
2495 0.000249
2496 0.000249
2497 0.000248
2498 0.000248
2499 0.000248
2500 0.000247
2501 0.000247
2502 0.000247
2503 0.000247
2504 0.000246
2505 0.000246
2506 0.000246
2507 0.000246
2508 0.000245
2509 0.000245
2510 0.000245
2511 0.000245
2512 0.000244
2513 0.000244
2514 0.000244
2515 0.000243
2516 0.000243
2517 0.000243
2518 0.000243
2519 0.000242
2520 0.000242
2521 0.000242
2522 0.000242
2523 0.000241
2524 0.000241
2525 0.000241
2526 0.000241
2527 0.000240
2528 0.000240
2529 0.000240
2530 0.000240
2531 0.000239
2532 0.000239
2533 0.000239
2534 0.000239
2535 0.000238
2536 0.000238
2537 0.000238
2538 0.000238
2539 0.000237
2540 0.000237
2541 0.000237
2542 0.000237
2543 0.000236
2544 0.000236
2545 0.000236
2546 0.000236
2547 0.000235
2548 0.000235
2549 0.000235
2550 0.000235
2551 0.000234
2552 0.000234
2553 0.000234
2554 0.000234
2555 0.000233
2556 0.000233
2557 0.000233
2558 0.000233
2559 0.000232
2560 0.000232
2561 0.000232
2562 0.000232
2563 0.000231
2564 0.000231
2565 0.000231
2566 0.000231
2567 0.000230
2568 0.000230
2569 0.000230
2570 0.000230
2571 0.000229
2572 0.000229
2573 0.000229
2574 0.000229
2575 0.000229
2576 0.000228
2577 0.000228
2578 0.000228
2579 0.000228
2580 0.000227
2581 0.000227
2582 0.000227
2583 0.000227
2584 0.000226
2585 0.000226
2586 0.000226
2587 0.000226
2588 0.000225
2589 0.000225
2590 0.000225
2591 0.000225
2592 0.000225
2593 0.000224
2594 0.000224
2595 0.000224
2596 0.000224
2597 0.000223
2598 0.000223
2599 0.000223
2600 0.000223
2601 0.000222
2602 0.000222
2603 0.000222
2604 0.000222
2605 0.000222
2606 0.000221
2607 0.000221
2608 0.000221
2609 0.000221
2610 0.000220
2611 0.000220
2612 0.000220
2613 0.000220
2614 0.000219
2615 0.000219
2616 0.000219
2617 0.000219
2618 0.000219
2619 0.000218
2620 0.000218
2621 0.000218
2622 0.000218
2623 0.000217
2624 0.000217
2625 0.000217
2626 0.000217
2627 0.000217
2628 0.000216
2629 0.000216
2630 0.000216
2631 0.000216
2632 0.000215
2633 0.000215
2634 0.000215
2635 0.000215
2636 0.000215
2637 0.000214
2638 0.000214
2639 0.000214
2640 0.000214
2641 0.000214
2642 0.000213
2643 0.000213
2644 0.000213
2645 0.000213
2646 0.000212
2647 0.000212
2648 0.000212
2649 0.000212
2650 0.000212
2651 0.000211
2652 0.000211
2653 0.000211
2654 0.000211
2655 0.000211
2656 0.000210
2657 0.000210
2658 0.000210
2659 0.000210
2660 0.000209
2661 0.000209
2662 0.000209
2663 0.000209
2664 0.000209
2665 0.000208
2666 0.000208
2667 0.000208
2668 0.000208
2669 0.000208
2670 0.000207
2671 0.000207
2672 0.000207
2673 0.000207
2674 0.000207
2675 0.000206
2676 0.000206
2677 0.000206
2678 0.000206
2679 0.000206
2680 0.000205
2681 0.000205
2682 0.000205
2683 0.000205
2684 0.000204
2685 0.000204
2686 0.000204
2687 0.000204
2688 0.000204
2689 0.000203
2690 0.000203
2691 0.000203
2692 0.000203
2693 0.000203
2694 0.000202
2695 0.000202
2696 0.000202
2697 0.000202
2698 0.000202
2699 0.000201
2700 0.000201
2701 0.000201
2702 0.000201
2703 0.000201
2704 0.000200
2705 0.000200
2706 0.000200
2707 0.000200
2708 0.000200
2709 0.000199
2710 0.000199
2711 0.000199
2712 0.000199
2713 0.000199
2714 0.000199
2715 0.000198
2716 0.000198
2717 0.000198
2718 0.000198
2719 0.000198
2720 0.000197
2721 0.000197
2722 0.000197
2723 0.000197
2724 0.000197
2725 0.000196
2726 0.000196
2727 0.000196
2728 0.000196
2729 0.000196
2730 0.000195
2731 0.000195
2732 0.000195
2733 0.000195
2734 0.000195
2735 0.000194
2736 0.000194
2737 0.000194
2738 0.000194
2739 0.000194
2740 0.000194
2741 0.000193
2742 0.000193
2743 0.000193
2744 0.000193
2745 0.000193
2746 0.000192
2747 0.000192
2748 0.000192
2749 0.000192
2750 0.000192
2751 0.000191
2752 0.000191
2753 0.000191
2754 0.000191
2755 0.000191
2756 0.000191
2757 0.000190
2758 0.000190
2759 0.000190
2760 0.000190
2761 0.000190
2762 0.000189
2763 0.000189
2764 0.000189
2765 0.000189
2766 0.000189
2767 0.000189
2768 0.000188
2769 0.000188
2770 0.000188
2771 0.000188
2772 0.000188
2773 0.000187
2774 0.000187
2775 0.000187
2776 0.000187
2777 0.000187
2778 0.000187
2779 0.000186
2780 0.000186
2781 0.000186
2782 0.000186
2783 0.000186
2784 0.000185
2785 0.000185
2786 0.000185
2787 0.000185
2788 0.000185
2789 0.000185
2790 0.000184
2791 0.000184
2792 0.000184
2793 0.000184
2794 0.000184
2795 0.000184
2796 0.000183
2797 0.000183
2798 0.000183
2799 0.000183
2800 0.000183
2801 0.000182
2802 0.000182
2803 0.000182
2804 0.000182
2805 0.000182
2806 0.000182
2807 0.000181
2808 0.000181
2809 0.000181
2810 0.000181
2811 0.000181
2812 0.000181
2813 0.000180
2814 0.000180
2815 0.000180
2816 0.000180
2817 0.000180
2818 0.000180
2819 0.000179
2820 0.000179
2821 0.000179
2822 0.000179
2823 0.000179
2824 0.000179
2825 0.000178
2826 0.000178
2827 0.000178
2828 0.000178
2829 0.000178
2830 0.000178
2831 0.000177
2832 0.000177
2833 0.000177
2834 0.000177
2835 0.000177
2836 0.000177
2837 0.000176
2838 0.000176
2839 0.000176
2840 0.000176
2841 0.000176
2842 0.000176
2843 0.000175
2844 0.000175
2845 0.000175
2846 0.000175
2847 0.000175
2848 0.000175
2849 0.000174
2850 0.000174
2851 0.000174
2852 0.000174
2853 0.000174
2854 0.000174
2855 0.000173
2856 0.000173
2857 0.000173
2858 0.000173
2859 0.000173
2860 0.000173
2861 0.000172
2862 0.000172
2863 0.000172
2864 0.000172
2865 0.000172
2866 0.000172
2867 0.000171
2868 0.000171
2869 0.000171
2870 0.000171
2871 0.000171
2872 0.000171
2873 0.000171
2874 0.000170
2875 0.000170
2876 0.000170
2877 0.000170
2878 0.000170
2879 0.000170
2880 0.000169
2881 0.000169
2882 0.000169
2883 0.000169
2884 0.000169
2885 0.000169
2886 0.000168
2887 0.000168
2888 0.000168
2889 0.000168
2890 0.000168
2891 0.000168
2892 0.000168
2893 0.000167
2894 0.000167
2895 0.000167
2896 0.000167
2897 0.000167
2898 0.000167
2899 0.000166
2900 0.000166
2901 0.000166
2902 0.000166
2903 0.000166
2904 0.000166
2905 0.000166
2906 0.000165
2907 0.000165
2908 0.000165
2909 0.000165
2910 0.000165
2911 0.000165
2912 0.000164
2913 0.000164
2914 0.000164
2915 0.000164
2916 0.000164
2917 0.000164
2918 0.000164
2919 0.000163
2920 0.000163
2921 0.000163
2922 0.000163
2923 0.000163
2924 0.000163
2925 0.000163
2926 0.000162
2927 0.000162
2928 0.000162
2929 0.000162
2930 0.000162
2931 0.000162
2932 0.000161
2933 0.000161
2934 0.000161
2935 0.000161
2936 0.000161
2937 0.000161
2938 0.000161
2939 0.000160
2940 0.000160
2941 0.000160
2942 0.000160
2943 0.000160
2944 0.000160
2945 0.000160
2946 0.000159
2947 0.000159
2948 0.000159
2949 0.000159
2950 0.000159
2951 0.000159
2952 0.000159
2953 0.000158
2954 0.000158
2955 0.000158
2956 0.000158
2957 0.000158
2958 0.000158
2959 0.000158
2960 0.000157
2961 0.000157
2962 0.000157
2963 0.000157
2964 0.000157
2965 0.000157
2966 0.000157
2967 0.000156
2968 0.000156
2969 0.000156
2970 0.000156
2971 0.000156
2972 0.000156
2973 0.000156
2974 0.000155
2975 0.000155
2976 0.000155
2977 0.000155
2978 0.000155
2979 0.000155
2980 0.000155
2981 0.000154
2982 0.000154
2983 0.000154
2984 0.000154
2985 0.000154
2986 0.000154
2987 0.000154
2988 0.000153
2989 0.000153
2990 0.000153
2991 0.000153
2992 0.000153
2993 0.000153
2994 0.000153
2995 0.000153
2996 0.000152
2997 0.000152
2998 0.000152
2999 0.000152
3000 0.000152
3001 0.000152
3002 0.000152
3003 0.000151
3004 0.000151
3005 0.000151
3006 0.000151
3007 0.000151
3008 0.000151
3009 0.000151
3010 0.000150
3011 0.000150
3012 0.000150
3013 0.000150
3014 0.000150
3015 0.000150
3016 0.000150
3017 0.000150
3018 0.000149
3019 0.000149
3020 0.000149
3021 0.000149
3022 0.000149
3023 0.000149
3024 0.000149
3025 0.000148
3026 0.000148
3027 0.000148
3028 0.000148
3029 0.000148
3030 0.000148
3031 0.000148
3032 0.000148
3033 0.000147
3034 0.000147
3035 0.000147
3036 0.000147
3037 0.000147
3038 0.000147
3039 0.000147
3040 0.000147
3041 0.000146
3042 0.000146
3043 0.000146
3044 0.000146
3045 0.000146
3046 0.000146
3047 0.000146
3048 0.000145
3049 0.000145
3050 0.000145
3051 0.000145
3052 0.000145
3053 0.000145
3054 0.000145
3055 0.000145
3056 0.000144
3057 0.000144
3058 0.000144
3059 0.000144
3060 0.000144
3061 0.000144
3062 0.000144
3063 0.000144
3064 0.000143
3065 0.000143
3066 0.000143
3067 0.000143
3068 0.000143
3069 0.000143
3070 0.000143
3071 0.000143
3072 0.000142
3073 0.000142
3074 0.000142
3075 0.000142
3076 0.000142
3077 0.000142
3078 0.000142
3079 0.000142
3080 0.000141
3081 0.000141
3082 0.000141
3083 0.000141
3084 0.000141
3085 0.000141
3086 0.000141
3087 0.000141
3088 0.000140
3089 0.000140
3090 0.000140
3091 0.000140
3092 0.000140
3093 0.000140
3094 0.000140
3095 0.000140
3096 0.000139
3097 0.000139
3098 0.000139
3099 0.000139
3100 0.000139
3101 0.000139
3102 0.000139
3103 0.000139
3104 0.000138
3105 0.000138
3106 0.000138
3107 0.000138
3108 0.000138
3109 0.000138
3110 0.000138
3111 0.000138
3112 0.000138
3113 0.000137
3114 0.000137
3115 0.000137
3116 0.000137
3117 0.000137
3118 0.000137
3119 0.000137
3120 0.000137
3121 0.000136
3122 0.000136
3123 0.000136
3124 0.000136
3125 0.000136
3126 0.000136
3127 0.000136
3128 0.000136
3129 0.000135
3130 0.000135
3131 0.000135
3132 0.000135
3133 0.000135
3134 0.000135
3135 0.000135
3136 0.000135
3137 0.000135
3138 0.000134
3139 0.000134
3140 0.000134
3141 0.000134
3142 0.000134
3143 0.000134
3144 0.000134
3145 0.000134
3146 0.000133
3147 0.000133
3148 0.000133
3149 0.000133
3150 0.000133
3151 0.000133
3152 0.000133
3153 0.000133
3154 0.000133
3155 0.000132
3156 0.000132
3157 0.000132
3158 0.000132
3159 0.000132
3160 0.000132
3161 0.000132
3162 0.000132
3163 0.000132
3164 0.000131
3165 0.000131
3166 0.000131
3167 0.000131
3168 0.000131
3169 0.000131
3170 0.000131
3171 0.000131
3172 0.000131
3173 0.000130
3174 0.000130
3175 0.000130
3176 0.000130
3177 0.000130
3178 0.000130
3179 0.000130
3180 0.000130
3181 0.000130
3182 0.000129
3183 0.000129
3184 0.000129
3185 0.000129
3186 0.000129
3187 0.000129
3188 0.000129
3189 0.000129
3190 0.000129
3191 0.000128
3192 0.000128
3193 0.000128
3194 0.000128
3195 0.000128
3196 0.000128
3197 0.000128
3198 0.000128
3199 0.000128
3200 0.000127
3201 0.000127
3202 0.000127
3203 0.000127
3204 0.000127
3205 0.000127
3206 0.000127
3207 0.000127
3208 0.000127
3209 0.000126
3210 0.000126
3211 0.000126
3212 0.000126
3213 0.000126
3214 0.000126
3215 0.000126
3216 0.000126
3217 0.000126
3218 0.000125
3219 0.000125
3220 0.000125
3221 0.000125
3222 0.000125
3223 0.000125
3224 0.000125
3225 0.000125
3226 0.000125
3227 0.000124
3228 0.000124
3229 0.000124
3230 0.000124
3231 0.000124
3232 0.000124
3233 0.000124
3234 0.000124
3235 0.000124
3236 0.000124
3237 0.000123
3238 0.000123
3239 0.000123
3240 0.000123
3241 0.000123
3242 0.000123
3243 0.000123
3244 0.000123
3245 0.000123
3246 0.000122
3247 0.000122
3248 0.000122
3249 0.000122
3250 0.000122
3251 0.000122
3252 0.000122
3253 0.000122
3254 0.000122
3255 0.000122
3256 0.000121
3257 0.000121
3258 0.000121
3259 0.000121
3260 0.000121
3261 0.000121
3262 0.000121
3263 0.000121
3264 0.000121
3265 0.000121
3266 0.000120
3267 0.000120
3268 0.000120
3269 0.000120
3270 0.000120
3271 0.000120
3272 0.000120
3273 0.000120
3274 0.000120
3275 0.000120
3276 0.000119
3277 0.000119
3278 0.000119
3279 0.000119
3280 0.000119
3281 0.000119
3282 0.000119
3283 0.000119
3284 0.000119
3285 0.000118
3286 0.000118
3287 0.000118
3288 0.000118
3289 0.000118
3290 0.000118
3291 0.000118
3292 0.000118
3293 0.000118
3294 0.000118
3295 0.000117
3296 0.000117
3297 0.000117
3298 0.000117
3299 0.000117
3300 0.000117
3301 0.000117
3302 0.000117
3303 0.000117
3304 0.000117
3305 0.000117
3306 0.000116
3307 0.000116
3308 0.000116
3309 0.000116
3310 0.000116
3311 0.000116
3312 0.000116
3313 0.000116
3314 0.000116
3315 0.000116
3316 0.000115
3317 0.000115
3318 0.000115
3319 0.000115
3320 0.000115
3321 0.000115
3322 0.000115
3323 0.000115
3324 0.000115
3325 0.000115
3326 0.000114
3327 0.000114
3328 0.000114
3329 0.000114
3330 0.000114
3331 0.000114
3332 0.000114
3333 0.000114
3334 0.000114
3335 0.000114
3336 0.000114
3337 0.000113
3338 0.000113
3339 0.000113
3340 0.000113
3341 0.000113
3342 0.000113
3343 0.000113
3344 0.000113
3345 0.000113
3346 0.000113
3347 0.000112
3348 0.000112
3349 0.000112
3350 0.000112
3351 0.000112
3352 0.000112
3353 0.000112
3354 0.000112
3355 0.000112
3356 0.000112
3357 0.000112
3358 0.000111
3359 0.000111
3360 0.000111
3361 0.000111
3362 0.000111
3363 0.000111
3364 0.000111
3365 0.000111
3366 0.000111
3367 0.000111
3368 0.000110
3369 0.000110
3370 0.000110
3371 0.000110
3372 0.000110
3373 0.000110
3374 0.000110
3375 0.000110
3376 0.000110
3377 0.000110
3378 0.000110
3379 0.000109
3380 0.000109
3381 0.000109
3382 0.000109
3383 0.000109
3384 0.000109
3385 0.000109
3386 0.000109
3387 0.000109
3388 0.000109
3389 0.000109
3390 0.000108
3391 0.000108
3392 0.000108
3393 0.000108
3394 0.000108
3395 0.000108
3396 0.000108
3397 0.000108
3398 0.000108
3399 0.000108
3400 0.000108
3401 0.000107
3402 0.000107
3403 0.000107
3404 0.000107
3405 0.000107
3406 0.000107
3407 0.000107
3408 0.000107
3409 0.000107
3410 0.000107
3411 0.000107
3412 0.000107
3413 0.000106
3414 0.000106
3415 0.000106
3416 0.000106
3417 0.000106
3418 0.000106
3419 0.000106
3420 0.000106
3421 0.000106
3422 0.000106
3423 0.000106
3424 0.000105
3425 0.000105
3426 0.000105
3427 0.000105
3428 0.000105
3429 0.000105
3430 0.000105
3431 0.000105
3432 0.000105
3433 0.000105
3434 0.000105
3435 0.000104
3436 0.000104
3437 0.000104
3438 0.000104
3439 0.000104
3440 0.000104
3441 0.000104
3442 0.000104
3443 0.000104
3444 0.000104
3445 0.000104
3446 0.000104
3447 0.000103
3448 0.000103
3449 0.000103
3450 0.000103
3451 0.000103
3452 0.000103
3453 0.000103
3454 0.000103
3455 0.000103
3456 0.000103
3457 0.000103
3458 0.000103
3459 0.000102
3460 0.000102
3461 0.000102
3462 0.000102
3463 0.000102
3464 0.000102
3465 0.000102
3466 0.000102
3467 0.000102
3468 0.000102
3469 0.000102
3470 0.000101
3471 0.000101
3472 0.000101
3473 0.000101
3474 0.000101
3475 0.000101
3476 0.000101
3477 0.000101
3478 0.000101
3479 0.000101
3480 0.000101
3481 0.000101
3482 0.000100
3483 0.000100
3484 0.000100
3485 0.000100
3486 0.000100
3487 0.000100
3488 0.000100
3489 0.000100
3490 0.000100
3491 0.000100
3492 0.000100
3493 0.000100
3494 0.000100
3495 0.000099
3496 0.000099
3497 0.000099
3498 0.000099
3499 0.000099
3500 0.000099
3501 0.000099
3502 0.000099
3503 0.000099
3504 0.000099
3505 0.000099
3506 0.000099
3507 0.000098
3508 0.000098
3509 0.000098
3510 0.000098
3511 0.000098
3512 0.000098
3513 0.000098
3514 0.000098
3515 0.000098
3516 0.000098
3517 0.000098
3518 0.000098
3519 0.000097
3520 0.000097
3521 0.000097
3522 0.000097
3523 0.000097
3524 0.000097
3525 0.000097
3526 0.000097
3527 0.000097
3528 0.000097
3529 0.000097
3530 0.000097
3531 0.000097
3532 0.000096
3533 0.000096
3534 0.000096
3535 0.000096
3536 0.000096
3537 0.000096
3538 0.000096
3539 0.000096
3540 0.000096
3541 0.000096
3542 0.000096
3543 0.000096
3544 0.000095
3545 0.000095
3546 0.000095
3547 0.000095
3548 0.000095
3549 0.000095
3550 0.000095
3551 0.000095
3552 0.000095
3553 0.000095
3554 0.000095
3555 0.000095
3556 0.000095
3557 0.000094
3558 0.000094
3559 0.000094
3560 0.000094
3561 0.000094
3562 0.000094
3563 0.000094
3564 0.000094
3565 0.000094
3566 0.000094
3567 0.000094
3568 0.000094
3569 0.000094
3570 0.000093
3571 0.000093
3572 0.000093
3573 0.000093
3574 0.000093
3575 0.000093
3576 0.000093
3577 0.000093
3578 0.000093
3579 0.000093
3580 0.000093
3581 0.000093
3582 0.000093
3583 0.000092
3584 0.000092
3585 0.000092
3586 0.000092
3587 0.000092
3588 0.000092
3589 0.000092
3590 0.000092
3591 0.000092
3592 0.000092
3593 0.000092
3594 0.000092
3595 0.000092
3596 0.000091
3597 0.000091
3598 0.000091
3599 0.000091
3600 0.000091
3601 0.000091
3602 0.000091
3603 0.000091
3604 0.000091
3605 0.000091
3606 0.000091
3607 0.000091
3608 0.000091
3609 0.000091
3610 0.000090
3611 0.000090
3612 0.000090
3613 0.000090
3614 0.000090
3615 0.000090
3616 0.000090
3617 0.000090
3618 0.000090
3619 0.000090
3620 0.000090
3621 0.000090
3622 0.000090
3623 0.000090
3624 0.000089
3625 0.000089
3626 0.000089
3627 0.000089
3628 0.000089
3629 0.000089
3630 0.000089
3631 0.000089
3632 0.000089
3633 0.000089
3634 0.000089
3635 0.000089
3636 0.000089
3637 0.000088
3638 0.000088
3639 0.000088
3640 0.000088
3641 0.000088
3642 0.000088
3643 0.000088
3644 0.000088
3645 0.000088
3646 0.000088
3647 0.000088
3648 0.000088
3649 0.000088
3650 0.000088
3651 0.000087
3652 0.000087
3653 0.000087
3654 0.000087
3655 0.000087
3656 0.000087
3657 0.000087
3658 0.000087
3659 0.000087
3660 0.000087
3661 0.000087
3662 0.000087
3663 0.000087
3664 0.000087
3665 0.000086
3666 0.000086
3667 0.000086
3668 0.000086
3669 0.000086
3670 0.000086
3671 0.000086
3672 0.000086
3673 0.000086
3674 0.000086
3675 0.000086
3676 0.000086
3677 0.000086
3678 0.000086
3679 0.000086
3680 0.000085
3681 0.000085
3682 0.000085
3683 0.000085
3684 0.000085
3685 0.000085
3686 0.000085
3687 0.000085
3688 0.000085
3689 0.000085
3690 0.000085
3691 0.000085
3692 0.000085
3693 0.000085
3694 0.000084
3695 0.000084
3696 0.000084
3697 0.000084
3698 0.000084
3699 0.000084
3700 0.000084
3701 0.000084
3702 0.000084
3703 0.000084
3704 0.000084
3705 0.000084
3706 0.000084
3707 0.000084
3708 0.000084
3709 0.000083
3710 0.000083
3711 0.000083
3712 0.000083
3713 0.000083
3714 0.000083
3715 0.000083
3716 0.000083
3717 0.000083
3718 0.000083
3719 0.000083
3720 0.000083
3721 0.000083
3722 0.000083
3723 0.000083
3724 0.000082
3725 0.000082
3726 0.000082
3727 0.000082
3728 0.000082
3729 0.000082
3730 0.000082
3731 0.000082
3732 0.000082
3733 0.000082
3734 0.000082
3735 0.000082
3736 0.000082
3737 0.000082
3738 0.000082
3739 0.000081
3740 0.000081
3741 0.000081
3742 0.000081
3743 0.000081
3744 0.000081
3745 0.000081
3746 0.000081
3747 0.000081
3748 0.000081
3749 0.000081
3750 0.000081
3751 0.000081
3752 0.000081
3753 0.000081
3754 0.000080
3755 0.000080
3756 0.000080
3757 0.000080
3758 0.000080
3759 0.000080
3760 0.000080
3761 0.000080
3762 0.000080
3763 0.000080
3764 0.000080
3765 0.000080
3766 0.000080
3767 0.000080
3768 0.000080
3769 0.000079
3770 0.000079
3771 0.000079
3772 0.000079
3773 0.000079
3774 0.000079
3775 0.000079
3776 0.000079
3777 0.000079
3778 0.000079
3779 0.000079
3780 0.000079
3781 0.000079
3782 0.000079
3783 0.000079
3784 0.000079
3785 0.000078
3786 0.000078
3787 0.000078
3788 0.000078
3789 0.000078
3790 0.000078
3791 0.000078
3792 0.000078
3793 0.000078
3794 0.000078
3795 0.000078
3796 0.000078
3797 0.000078
3798 0.000078
3799 0.000078
3800 0.000078
3801 0.000077
3802 0.000077
3803 0.000077
3804 0.000077
3805 0.000077
3806 0.000077
3807 0.000077
3808 0.000077
3809 0.000077
3810 0.000077
3811 0.000077
3812 0.000077
3813 0.000077
3814 0.000077
3815 0.000077
3816 0.000077
3817 0.000076
3818 0.000076
3819 0.000076
3820 0.000076
3821 0.000076
3822 0.000076
3823 0.000076
3824 0.000076
3825 0.000076
3826 0.000076
3827 0.000076
3828 0.000076
3829 0.000076
3830 0.000076
3831 0.000076
3832 0.000076
3833 0.000075
3834 0.000075
3835 0.000075
3836 0.000075
3837 0.000075
3838 0.000075
3839 0.000075
3840 0.000075
3841 0.000075
3842 0.000075
3843 0.000075
3844 0.000075
3845 0.000075
3846 0.000075
3847 0.000075
3848 0.000075
3849 0.000075
3850 0.000074
3851 0.000074
3852 0.000074
3853 0.000074
3854 0.000074
3855 0.000074
3856 0.000074
3857 0.000074
3858 0.000074
3859 0.000074
3860 0.000074
3861 0.000074
3862 0.000074
3863 0.000074
3864 0.000074
3865 0.000074
3866 0.000073
3867 0.000073
3868 0.000073
3869 0.000073
3870 0.000073
3871 0.000073
3872 0.000073
3873 0.000073
3874 0.000073
3875 0.000073
3876 0.000073
3877 0.000073
3878 0.000073
3879 0.000073
3880 0.000073
3881 0.000073
3882 0.000073
3883 0.000072
3884 0.000072
3885 0.000072
3886 0.000072
3887 0.000072
3888 0.000072
3889 0.000072
3890 0.000072
3891 0.000072
3892 0.000072
3893 0.000072
3894 0.000072
3895 0.000072
3896 0.000072
3897 0.000072
3898 0.000072
3899 0.000072
3900 0.000072
3901 0.000071
3902 0.000071
3903 0.000071
3904 0.000071
3905 0.000071
3906 0.000071
3907 0.000071
3908 0.000071
3909 0.000071
3910 0.000071
3911 0.000071
3912 0.000071
3913 0.000071
3914 0.000071
3915 0.000071
3916 0.000071
3917 0.000071
3918 0.000070
3919 0.000070
3920 0.000070
3921 0.000070
3922 0.000070
3923 0.000070
3924 0.000070
3925 0.000070
3926 0.000070
3927 0.000070
3928 0.000070
3929 0.000070
3930 0.000070
3931 0.000070
3932 0.000070
3933 0.000070
3934 0.000070
3935 0.000070
3936 0.000069
3937 0.000069
3938 0.000069
3939 0.000069
3940 0.000069
3941 0.000069
3942 0.000069
3943 0.000069
3944 0.000069
3945 0.000069
3946 0.000069
3947 0.000069
3948 0.000069
3949 0.000069
3950 0.000069
3951 0.000069
3952 0.000069
3953 0.000069
3954 0.000068
3955 0.000068
3956 0.000068
3957 0.000068
3958 0.000068
3959 0.000068
3960 0.000068
3961 0.000068
3962 0.000068
3963 0.000068
3964 0.000068
3965 0.000068
3966 0.000068
3967 0.000068
3968 0.000068
3969 0.000068
3970 0.000068
3971 0.000068
3972 0.000067
3973 0.000067
3974 0.000067
3975 0.000067
3976 0.000067
3977 0.000067
3978 0.000067
3979 0.000067
3980 0.000067
3981 0.000067
3982 0.000067
3983 0.000067
3984 0.000067
3985 0.000067
3986 0.000067
3987 0.000067
3988 0.000067
3989 0.000067
3990 0.000067
3991 0.000066
3992 0.000066
3993 0.000066
3994 0.000066
3995 0.000066
3996 0.000066
3997 0.000066
3998 0.000066
3999 0.000066
4000 0.000066
4001 0.000066
4002 0.000066
4003 0.000066
4004 0.000066
4005 0.000066
4006 0.000066
4007 0.000066
4008 0.000066
4009 0.000066
4010 0.000065
4011 0.000065
4012 0.000065
4013 0.000065
4014 0.000065
4015 0.000065
4016 0.000065
4017 0.000065
4018 0.000065
4019 0.000065
4020 0.000065
4021 0.000065
4022 0.000065
4023 0.000065
4024 0.000065
4025 0.000065
4026 0.000065
4027 0.000065
4028 0.000065
4029 0.000064
4030 0.000064
4031 0.000064
4032 0.000064
4033 0.000064
4034 0.000064
4035 0.000064
4036 0.000064
4037 0.000064
4038 0.000064
4039 0.000064
4040 0.000064
4041 0.000064
4042 0.000064
4043 0.000064
4044 0.000064
4045 0.000064
4046 0.000064
4047 0.000064
4048 0.000064
4049 0.000063
4050 0.000063
4051 0.000063
4052 0.000063
4053 0.000063
4054 0.000063
4055 0.000063
4056 0.000063
4057 0.000063
4058 0.000063
4059 0.000063
4060 0.000063
4061 0.000063
4062 0.000063
4063 0.000063
4064 0.000063
4065 0.000063
4066 0.000063
4067 0.000063
4068 0.000062
4069 0.000062
4070 0.000062
4071 0.000062
4072 0.000062
4073 0.000062
4074 0.000062
4075 0.000062
4076 0.000062
4077 0.000062
4078 0.000062
4079 0.000062
4080 0.000062
4081 0.000062
4082 0.000062
4083 0.000062
4084 0.000062
4085 0.000062
4086 0.000062
4087 0.000062
4088 0.000062
4089 0.000061
4090 0.000061
4091 0.000061
4092 0.000061
4093 0.000061
4094 0.000061
4095 0.000061
4096 0.000061
4097 0.000061
4098 0.000061
4099 0.000061
4100 0.000061
4101 0.000061
4102 0.000061
4103 0.000061
4104 0.000061
4105 0.000061
4106 0.000061
4107 0.000061
4108 0.000061
4109 0.000060
4110 0.000060
4111 0.000060
4112 0.000060
4113 0.000060
4114 0.000060
4115 0.000060
4116 0.000060
4117 0.000060
4118 0.000060
4119 0.000060
4120 0.000060
4121 0.000060
4122 0.000060
4123 0.000060
4124 0.000060
4125 0.000060
4126 0.000060
4127 0.000060
4128 0.000060
4129 0.000060
4130 0.000059
4131 0.000059
4132 0.000059
4133 0.000059
4134 0.000059
4135 0.000059
4136 0.000059
4137 0.000059
4138 0.000059
4139 0.000059
4140 0.000059
4141 0.000059
4142 0.000059
4143 0.000059
4144 0.000059
4145 0.000059
4146 0.000059
4147 0.000059
4148 0.000059
4149 0.000059
4150 0.000059
4151 0.000058
4152 0.000058
4153 0.000058
4154 0.000058
4155 0.000058
4156 0.000058
4157 0.000058
4158 0.000058
4159 0.000058
4160 0.000058
4161 0.000058
4162 0.000058
4163 0.000058
4164 0.000058
4165 0.000058
4166 0.000058
4167 0.000058
4168 0.000058
4169 0.000058
4170 0.000058
4171 0.000058
4172 0.000058
4173 0.000057
4174 0.000057
4175 0.000057
4176 0.000057
4177 0.000057
4178 0.000057
4179 0.000057
4180 0.000057
4181 0.000057
4182 0.000057
4183 0.000057
4184 0.000057
4185 0.000057
4186 0.000057
4187 0.000057
4188 0.000057
4189 0.000057
4190 0.000057
4191 0.000057
4192 0.000057
4193 0.000057
4194 0.000057
4195 0.000056
4196 0.000056
4197 0.000056
4198 0.000056
4199 0.000056
4200 0.000056
4201 0.000056
4202 0.000056
4203 0.000056
4204 0.000056
4205 0.000056
4206 0.000056
4207 0.000056
4208 0.000056
4209 0.000056
4210 0.000056
4211 0.000056
4212 0.000056
4213 0.000056
4214 0.000056
4215 0.000056
4216 0.000056
4217 0.000055
4218 0.000055
4219 0.000055
4220 0.000055
4221 0.000055
4222 0.000055
4223 0.000055
4224 0.000055
4225 0.000055
4226 0.000055
4227 0.000055
4228 0.000055
4229 0.000055
4230 0.000055
4231 0.000055
4232 0.000055
4233 0.000055
4234 0.000055
4235 0.000055
4236 0.000055
4237 0.000055
4238 0.000055
4239 0.000055
4240 0.000054
4241 0.000054
4242 0.000054
4243 0.000054
4244 0.000054
4245 0.000054
4246 0.000054
4247 0.000054
4248 0.000054
4249 0.000054
4250 0.000054
4251 0.000054
4252 0.000054
4253 0.000054
4254 0.000054
4255 0.000054
4256 0.000054
4257 0.000054
4258 0.000054
4259 0.000054
4260 0.000054
4261 0.000054
4262 0.000054
4263 0.000053
4264 0.000053
4265 0.000053
4266 0.000053
4267 0.000053
4268 0.000053
4269 0.000053
4270 0.000053
4271 0.000053
4272 0.000053
4273 0.000053
4274 0.000053
4275 0.000053
4276 0.000053
4277 0.000053
4278 0.000053
4279 0.000053
4280 0.000053
4281 0.000053
4282 0.000053
4283 0.000053
4284 0.000053
4285 0.000053
4286 0.000053
4287 0.000052
4288 0.000052
4289 0.000052
4290 0.000052
4291 0.000052
4292 0.000052
4293 0.000052
4294 0.000052
4295 0.000052
4296 0.000052
4297 0.000052
4298 0.000052
4299 0.000052
4300 0.000052
4301 0.000052
4302 0.000052
4303 0.000052
4304 0.000052
4305 0.000052
4306 0.000052
4307 0.000052
4308 0.000052
4309 0.000052
4310 0.000052
4311 0.000051
4312 0.000051
4313 0.000051
4314 0.000051
4315 0.000051
4316 0.000051
4317 0.000051
4318 0.000051
4319 0.000051
4320 0.000051
4321 0.000051
4322 0.000051
4323 0.000051
4324 0.000051
4325 0.000051
4326 0.000051
4327 0.000051
4328 0.000051
4329 0.000051
4330 0.000051
4331 0.000051
4332 0.000051
4333 0.000051
4334 0.000051
4335 0.000051
4336 0.000050
4337 0.000050
4338 0.000050
4339 0.000050
4340 0.000050
4341 0.000050
4342 0.000050
4343 0.000050
4344 0.000050
4345 0.000050
4346 0.000050
4347 0.000050
4348 0.000050
4349 0.000050
4350 0.000050
4351 0.000050
4352 0.000050
4353 0.000050
4354 0.000050
4355 0.000050
4356 0.000050
4357 0.000050
4358 0.000050
4359 0.000050
4360 0.000050
4361 0.000049
4362 0.000049
4363 0.000049
4364 0.000049
4365 0.000049
4366 0.000049
4367 0.000049
4368 0.000049
4369 0.000049
4370 0.000049
4371 0.000049
4372 0.000049
4373 0.000049
4374 0.000049
4375 0.000049
4376 0.000049
4377 0.000049
4378 0.000049
4379 0.000049
4380 0.000049
4381 0.000049
4382 0.000049
4383 0.000049
4384 0.000049
4385 0.000049
4386 0.000048
4387 0.000048
4388 0.000048
4389 0.000048
4390 0.000048
4391 0.000048
4392 0.000048
4393 0.000048
4394 0.000048
4395 0.000048
4396 0.000048
4397 0.000048
4398 0.000048
4399 0.000048
4400 0.000048
4401 0.000048
4402 0.000048
4403 0.000048
4404 0.000048
4405 0.000048
4406 0.000048
4407 0.000048
4408 0.000048
4409 0.000048
4410 0.000048
4411 0.000048
4412 0.000048
4413 0.000047
4414 0.000047
4415 0.000047
4416 0.000047
4417 0.000047
4418 0.000047
4419 0.000047
4420 0.000047
4421 0.000047
4422 0.000047
4423 0.000047
4424 0.000047
4425 0.000047
4426 0.000047
4427 0.000047
4428 0.000047
4429 0.000047
4430 0.000047
4431 0.000047
4432 0.000047
4433 0.000047
4434 0.000047
4435 0.000047
4436 0.000047
4437 0.000047
4438 0.000047
4439 0.000046
4440 0.000046
4441 0.000046
4442 0.000046
4443 0.000046
4444 0.000046
4445 0.000046
4446 0.000046
4447 0.000046
4448 0.000046
4449 0.000046
4450 0.000046
4451 0.000046
4452 0.000046
4453 0.000046
4454 0.000046
4455 0.000046
4456 0.000046
4457 0.000046
4458 0.000046
4459 0.000046
4460 0.000046
4461 0.000046
4462 0.000046
4463 0.000046
4464 0.000046
4465 0.000046
4466 0.000046
4467 0.000045
4468 0.000045
4469 0.000045
4470 0.000045
4471 0.000045
4472 0.000045
4473 0.000045
4474 0.000045
4475 0.000045
4476 0.000045
4477 0.000045
4478 0.000045
4479 0.000045
4480 0.000045
4481 0.000045
4482 0.000045
4483 0.000045
4484 0.000045
4485 0.000045
4486 0.000045
4487 0.000045
4488 0.000045
4489 0.000045
4490 0.000045
4491 0.000045
4492 0.000045
4493 0.000045
4494 0.000045
4495 0.000044
4496 0.000044
4497 0.000044
4498 0.000044
4499 0.000044
4500 0.000044
4501 0.000044
4502 0.000044
4503 0.000044
4504 0.000044
4505 0.000044
4506 0.000044
4507 0.000044
4508 0.000044
4509 0.000044
4510 0.000044
4511 0.000044
4512 0.000044
4513 0.000044
4514 0.000044
4515 0.000044
4516 0.000044
4517 0.000044
4518 0.000044
4519 0.000044
4520 0.000044
4521 0.000044
4522 0.000044
4523 0.000043
4524 0.000043
4525 0.000043
4526 0.000043
4527 0.000043
4528 0.000043
4529 0.000043
4530 0.000043
4531 0.000043
4532 0.000043
4533 0.000043
4534 0.000043
4535 0.000043
4536 0.000043
4537 0.000043
4538 0.000043
4539 0.000043
4540 0.000043
4541 0.000043
4542 0.000043
4543 0.000043
4544 0.000043
4545 0.000043
4546 0.000043
4547 0.000043
4548 0.000043
4549 0.000043
4550 0.000043
4551 0.000043
4552 0.000043
4553 0.000042
4554 0.000042
4555 0.000042
4556 0.000042
4557 0.000042
4558 0.000042
4559 0.000042
4560 0.000042
4561 0.000042
4562 0.000042
4563 0.000042
4564 0.000042
4565 0.000042
4566 0.000042
4567 0.000042
4568 0.000042
4569 0.000042
4570 0.000042
4571 0.000042
4572 0.000042
4573 0.000042
4574 0.000042
4575 0.000042
4576 0.000042
4577 0.000042
4578 0.000042
4579 0.000042
4580 0.000042
4581 0.000042
4582 0.000042
4583 0.000041
4584 0.000041
4585 0.000041
4586 0.000041
4587 0.000041
4588 0.000041
4589 0.000041
4590 0.000041
4591 0.000041
4592 0.000041
4593 0.000041
4594 0.000041
4595 0.000041
4596 0.000041
4597 0.000041
4598 0.000041
4599 0.000041
4600 0.000041
4601 0.000041
4602 0.000041
4603 0.000041
4604 0.000041
4605 0.000041
4606 0.000041
4607 0.000041
4608 0.000041
4609 0.000041
4610 0.000041
4611 0.000041
4612 0.000041
4613 0.000040
4614 0.000040
4615 0.000040
4616 0.000040
4617 0.000040
4618 0.000040
4619 0.000040
4620 0.000040
4621 0.000040
4622 0.000040
4623 0.000040
4624 0.000040
4625 0.000040
4626 0.000040
4627 0.000040
4628 0.000040
4629 0.000040
4630 0.000040
4631 0.000040
4632 0.000040
4633 0.000040
4634 0.000040
4635 0.000040
4636 0.000040
4637 0.000040
4638 0.000040
4639 0.000040
4640 0.000040
4641 0.000040
4642 0.000040
4643 0.000040
4644 0.000040
4645 0.000039
4646 0.000039
4647 0.000039
4648 0.000039
4649 0.000039
4650 0.000039
4651 0.000039
4652 0.000039
4653 0.000039
4654 0.000039
4655 0.000039
4656 0.000039
4657 0.000039
4658 0.000039
4659 0.000039
4660 0.000039
4661 0.000039
4662 0.000039
4663 0.000039
4664 0.000039
4665 0.000039
4666 0.000039
4667 0.000039
4668 0.000039
4669 0.000039
4670 0.000039
4671 0.000039
4672 0.000039
4673 0.000039
4674 0.000039
4675 0.000039
4676 0.000039
4677 0.000038
4678 0.000038
4679 0.000038
4680 0.000038
4681 0.000038
4682 0.000038
4683 0.000038
4684 0.000038
4685 0.000038
4686 0.000038
4687 0.000038
4688 0.000038
4689 0.000038
4690 0.000038
4691 0.000038
4692 0.000038
4693 0.000038
4694 0.000038
4695 0.000038
4696 0.000038
4697 0.000038
4698 0.000038
4699 0.000038
4700 0.000038
4701 0.000038
4702 0.000038
4703 0.000038
4704 0.000038
4705 0.000038
4706 0.000038
4707 0.000038
4708 0.000038
4709 0.000038
4710 0.000037
4711 0.000037
4712 0.000037
4713 0.000037
4714 0.000037
4715 0.000037
4716 0.000037
4717 0.000037
4718 0.000037
4719 0.000037
4720 0.000037
4721 0.000037
4722 0.000037
4723 0.000037
4724 0.000037
4725 0.000037
4726 0.000037
4727 0.000037
4728 0.000037
4729 0.000037
4730 0.000037
4731 0.000037
4732 0.000037
4733 0.000037
4734 0.000037
4735 0.000037
4736 0.000037
4737 0.000037
4738 0.000037
4739 0.000037
4740 0.000037
4741 0.000037
4742 0.000037
4743 0.000037
4744 0.000036
4745 0.000036
4746 0.000036
4747 0.000036
4748 0.000036
4749 0.000036
4750 0.000036
4751 0.000036
4752 0.000036
4753 0.000036
4754 0.000036
4755 0.000036
4756 0.000036
4757 0.000036
4758 0.000036
4759 0.000036
4760 0.000036
4761 0.000036
4762 0.000036
4763 0.000036
4764 0.000036
4765 0.000036
4766 0.000036
4767 0.000036
4768 0.000036
4769 0.000036
4770 0.000036
4771 0.000036
4772 0.000036
4773 0.000036
4774 0.000036
4775 0.000036
4776 0.000036
4777 0.000036
4778 0.000036
4779 0.000036
4780 0.000035
4781 0.000035
4782 0.000035
4783 0.000035
4784 0.000035
4785 0.000035
4786 0.000035
4787 0.000035
4788 0.000035
4789 0.000035
4790 0.000035
4791 0.000035
4792 0.000035
4793 0.000035
4794 0.000035
4795 0.000035
4796 0.000035
4797 0.000035
4798 0.000035
4799 0.000035
4800 0.000035
4801 0.000035
4802 0.000035
4803 0.000035
4804 0.000035
4805 0.000035
4806 0.000035
4807 0.000035
4808 0.000035
4809 0.000035
4810 0.000035
4811 0.000035
4812 0.000035
4813 0.000035
4814 0.000035
4815 0.000035
4816 0.000034
4817 0.000034
4818 0.000034
4819 0.000034
4820 0.000034
4821 0.000034
4822 0.000034
4823 0.000034
4824 0.000034
4825 0.000034
4826 0.000034
4827 0.000034
4828 0.000034
4829 0.000034
4830 0.000034
4831 0.000034
4832 0.000034
4833 0.000034
4834 0.000034
4835 0.000034
4836 0.000034
4837 0.000034
4838 0.000034
4839 0.000034
4840 0.000034
4841 0.000034
4842 0.000034
4843 0.000034
4844 0.000034
4845 0.000034
4846 0.000034
4847 0.000034
4848 0.000034
4849 0.000034
4850 0.000034
4851 0.000034
4852 0.000034
4853 0.000033
4854 0.000033
4855 0.000033
4856 0.000033
4857 0.000033
4858 0.000033
4859 0.000033
4860 0.000033
4861 0.000033
4862 0.000033
4863 0.000033
4864 0.000033
4865 0.000033
4866 0.000033
4867 0.000033
4868 0.000033
4869 0.000033
4870 0.000033
4871 0.000033
4872 0.000033
4873 0.000033
4874 0.000033
4875 0.000033
4876 0.000033
4877 0.000033
4878 0.000033
4879 0.000033
4880 0.000033
4881 0.000033
4882 0.000033
4883 0.000033
4884 0.000033
4885 0.000033
4886 0.000033
4887 0.000033
4888 0.000033
4889 0.000033
4890 0.000033
4891 0.000032
4892 0.000032
4893 0.000032
4894 0.000032
4895 0.000032
4896 0.000032
4897 0.000032
4898 0.000032
4899 0.000032
4900 0.000032
4901 0.000032
4902 0.000032
4903 0.000032
4904 0.000032
4905 0.000032
4906 0.000032
4907 0.000032
4908 0.000032
4909 0.000032
4910 0.000032
4911 0.000032
4912 0.000032
4913 0.000032
4914 0.000032
4915 0.000032
4916 0.000032
4917 0.000032
4918 0.000032
4919 0.000032
4920 0.000032
4921 0.000032
4922 0.000032
4923 0.000032
4924 0.000032
4925 0.000032
4926 0.000032
4927 0.000032
4928 0.000032
4929 0.000032
4930 0.000031
4931 0.000031
4932 0.000031
4933 0.000031
4934 0.000031
4935 0.000031
4936 0.000031
4937 0.000031
4938 0.000031
4939 0.000031
4940 0.000031
4941 0.000031
4942 0.000031
4943 0.000031
4944 0.000031
4945 0.000031
4946 0.000031
4947 0.000031
4948 0.000031
4949 0.000031
4950 0.000031
4951 0.000031
4952 0.000031
4953 0.000031
4954 0.000031
4955 0.000031
4956 0.000031
4957 0.000031
4958 0.000031
4959 0.000031
4960 0.000031
4961 0.000031
4962 0.000031
4963 0.000031
4964 0.000031
4965 0.000031
4966 0.000031
4967 0.000031
4968 0.000031
4969 0.000031
4970 0.000031
4971 0.000030
4972 0.000030
4973 0.000030
4974 0.000030
4975 0.000030
4976 0.000030
4977 0.000030
4978 0.000030
4979 0.000030
4980 0.000030
4981 0.000030
4982 0.000030
4983 0.000030
4984 0.000030
4985 0.000030
4986 0.000030
4987 0.000030
4988 0.000030
4989 0.000030
4990 0.000030
4991 0.000030
4992 0.000030
4993 0.000030
4994 0.000030
4995 0.000030
4996 0.000030
4997 0.000030
4998 0.000030
4999 0.000030
5000 0.000030
5001 0.000030
5002 0.000030
5003 0.000030
5004 0.000030
5005 0.000030
5006 0.000030
5007 0.000030
5008 0.000030
5009 0.000030
5010 0.000030
5011 0.000030
5012 0.000030
5013 0.000029
5014 0.000029
5015 0.000029
5016 0.000029
5017 0.000029
5018 0.000029
5019 0.000029
5020 0.000029
5021 0.000029
5022 0.000029
5023 0.000029
5024 0.000029
5025 0.000029
5026 0.000029
5027 0.000029
5028 0.000029
5029 0.000029
5030 0.000029
5031 0.000029
5032 0.000029
5033 0.000029
5034 0.000029
5035 0.000029
5036 0.000029
5037 0.000029
5038 0.000029
5039 0.000029
5040 0.000029
5041 0.000029
5042 0.000029
5043 0.000029
5044 0.000029
5045 0.000029
5046 0.000029
5047 0.000029
5048 0.000029
5049 0.000029
5050 0.000029
5051 0.000029
5052 0.000029
5053 0.000029
5054 0.000029
5055 0.000029
5056 0.000029
5057 0.000028
5058 0.000028
5059 0.000028
5060 0.000028
5061 0.000028
5062 0.000028
5063 0.000028
5064 0.000028
5065 0.000028
5066 0.000028
5067 0.000028
5068 0.000028
5069 0.000028
5070 0.000028
5071 0.000028
5072 0.000028
5073 0.000028
5074 0.000028
5075 0.000028
5076 0.000028
5077 0.000028
5078 0.000028
5079 0.000028
5080 0.000028
5081 0.000028
5082 0.000028
5083 0.000028
5084 0.000028
5085 0.000028
5086 0.000028
5087 0.000028
5088 0.000028
5089 0.000028
5090 0.000028
5091 0.000028
5092 0.000028
5093 0.000028
5094 0.000028
5095 0.000028
5096 0.000028
5097 0.000028
5098 0.000028
5099 0.000028
5100 0.000028
5101 0.000028
5102 0.000027
5103 0.000027
5104 0.000027
5105 0.000027
5106 0.000027
5107 0.000027
5108 0.000027
5109 0.000027
5110 0.000027
5111 0.000027
5112 0.000027
5113 0.000027
5114 0.000027
5115 0.000027
5116 0.000027
5117 0.000027
5118 0.000027
5119 0.000027
5120 0.000027
5121 0.000027
5122 0.000027
5123 0.000027
5124 0.000027
5125 0.000027
5126 0.000027
5127 0.000027
5128 0.000027
5129 0.000027
5130 0.000027
5131 0.000027
5132 0.000027
5133 0.000027
5134 0.000027
5135 0.000027
5136 0.000027
5137 0.000027
5138 0.000027
5139 0.000027
5140 0.000027
5141 0.000027
5142 0.000027
5143 0.000027
5144 0.000027
5145 0.000027
5146 0.000027
5147 0.000027
5148 0.000027
5149 0.000026
5150 0.000026
5151 0.000026
5152 0.000026
5153 0.000026
5154 0.000026
5155 0.000026
5156 0.000026
5157 0.000026
5158 0.000026
5159 0.000026
5160 0.000026
5161 0.000026
5162 0.000026
5163 0.000026
5164 0.000026
5165 0.000026
5166 0.000026
5167 0.000026
5168 0.000026
5169 0.000026
5170 0.000026
5171 0.000026
5172 0.000026
5173 0.000026
5174 0.000026
5175 0.000026
5176 0.000026
5177 0.000026
5178 0.000026
5179 0.000026
5180 0.000026
5181 0.000026
5182 0.000026
5183 0.000026
5184 0.000026
5185 0.000026
5186 0.000026
5187 0.000026
5188 0.000026
5189 0.000026
5190 0.000026
5191 0.000026
5192 0.000026
5193 0.000026
5194 0.000026
5195 0.000026
5196 0.000026
5197 0.000025
5198 0.000025
5199 0.000025
5200 0.000025
5201 0.000025
5202 0.000025
5203 0.000025
5204 0.000025
5205 0.000025
5206 0.000025
5207 0.000025
5208 0.000025
5209 0.000025
5210 0.000025
5211 0.000025
5212 0.000025
5213 0.000025
5214 0.000025
5215 0.000025
5216 0.000025
5217 0.000025
5218 0.000025
5219 0.000025
5220 0.000025
5221 0.000025
5222 0.000025
5223 0.000025
5224 0.000025
5225 0.000025
5226 0.000025
5227 0.000025
5228 0.000025
5229 0.000025
5230 0.000025
5231 0.000025
5232 0.000025
5233 0.000025
5234 0.000025
5235 0.000025
5236 0.000025
5237 0.000025
5238 0.000025
5239 0.000025
5240 0.000025
5241 0.000025
5242 0.000025
5243 0.000025
5244 0.000025
5245 0.000025
5246 0.000025
5247 0.000025
5248 0.000024
5249 0.000024
5250 0.000024
5251 0.000024
5252 0.000024
5253 0.000024
5254 0.000024
5255 0.000024
5256 0.000024
5257 0.000024
5258 0.000024
5259 0.000024
5260 0.000024
5261 0.000024
5262 0.000024
5263 0.000024
5264 0.000024
5265 0.000024
5266 0.000024
5267 0.000024
5268 0.000024
5269 0.000024
5270 0.000024
5271 0.000024
5272 0.000024
5273 0.000024
5274 0.000024
5275 0.000024
5276 0.000024
5277 0.000024
5278 0.000024
5279 0.000024
5280 0.000024
5281 0.000024
5282 0.000024
5283 0.000024
5284 0.000024
5285 0.000024
5286 0.000024
5287 0.000024
5288 0.000024
5289 0.000024
5290 0.000024
5291 0.000024
5292 0.000024
5293 0.000024
5294 0.000024
5295 0.000024
5296 0.000024
5297 0.000024
5298 0.000024
5299 0.000024
5300 0.000023
5301 0.000023
5302 0.000023
5303 0.000023
5304 0.000023
5305 0.000023
5306 0.000023
5307 0.000023
5308 0.000023
5309 0.000023
5310 0.000023
5311 0.000023
5312 0.000023
5313 0.000023
5314 0.000023
5315 0.000023
5316 0.000023
5317 0.000023
5318 0.000023
5319 0.000023
5320 0.000023
5321 0.000023
5322 0.000023
5323 0.000023
5324 0.000023
5325 0.000023
5326 0.000023
5327 0.000023
5328 0.000023
5329 0.000023
5330 0.000023
5331 0.000023
5332 0.000023
5333 0.000023
5334 0.000023
5335 0.000023
5336 0.000023
5337 0.000023
5338 0.000023
5339 0.000023
5340 0.000023
5341 0.000023
5342 0.000023
5343 0.000023
5344 0.000023
5345 0.000023
5346 0.000023
5347 0.000023
5348 0.000023
5349 0.000023
5350 0.000023
5351 0.000023
5352 0.000023
5353 0.000023
5354 0.000023
5355 0.000022
5356 0.000022
5357 0.000022
5358 0.000022
5359 0.000022
5360 0.000022
5361 0.000022
5362 0.000022
5363 0.000022
5364 0.000022
5365 0.000022
5366 0.000022
5367 0.000022
5368 0.000022
5369 0.000022
5370 0.000022
5371 0.000022
5372 0.000022
5373 0.000022
5374 0.000022
5375 0.000022
5376 0.000022
5377 0.000022
5378 0.000022
5379 0.000022
5380 0.000022
5381 0.000022
5382 0.000022
5383 0.000022
5384 0.000022
5385 0.000022
5386 0.000022
5387 0.000022
5388 0.000022
5389 0.000022
5390 0.000022
5391 0.000022
5392 0.000022
5393 0.000022
5394 0.000022
5395 0.000022
5396 0.000022
5397 0.000022
5398 0.000022
5399 0.000022
5400 0.000022
5401 0.000022
5402 0.000022
5403 0.000022
5404 0.000022
5405 0.000022
5406 0.000022
5407 0.000022
5408 0.000022
5409 0.000022
5410 0.000022
5411 0.000022
5412 0.000022
5413 0.000021
5414 0.000021
5415 0.000021
5416 0.000021
5417 0.000021
5418 0.000021
5419 0.000021
5420 0.000021
5421 0.000021
5422 0.000021
5423 0.000021
5424 0.000021
5425 0.000021
5426 0.000021
5427 0.000021
5428 0.000021
5429 0.000021
5430 0.000021
5431 0.000021
5432 0.000021
5433 0.000021
5434 0.000021
5435 0.000021
5436 0.000021
5437 0.000021
5438 0.000021
5439 0.000021
5440 0.000021
5441 0.000021
5442 0.000021
5443 0.000021
5444 0.000021
5445 0.000021
5446 0.000021
5447 0.000021
5448 0.000021
5449 0.000021
5450 0.000021
5451 0.000021
5452 0.000021
5453 0.000021
5454 0.000021
5455 0.000021
5456 0.000021
5457 0.000021
5458 0.000021
5459 0.000021
5460 0.000021
5461 0.000021
5462 0.000021
5463 0.000021
5464 0.000021
5465 0.000021
5466 0.000021
5467 0.000021
5468 0.000021
5469 0.000021
5470 0.000021
5471 0.000021
5472 0.000021
5473 0.000020
5474 0.000020
5475 0.000020
5476 0.000020
5477 0.000020
5478 0.000020
5479 0.000020
5480 0.000020
5481 0.000020
5482 0.000020
5483 0.000020
5484 0.000020
5485 0.000020
5486 0.000020
5487 0.000020
5488 0.000020
5489 0.000020
5490 0.000020
5491 0.000020
5492 0.000020
5493 0.000020
5494 0.000020
5495 0.000020
5496 0.000020
5497 0.000020
5498 0.000020
5499 0.000020
5500 0.000020
5501 0.000020
5502 0.000020
5503 0.000020
5504 0.000020
5505 0.000020
5506 0.000020
5507 0.000020
5508 0.000020
5509 0.000020
5510 0.000020
5511 0.000020
5512 0.000020
5513 0.000020
5514 0.000020
5515 0.000020
5516 0.000020
5517 0.000020
5518 0.000020
5519 0.000020
5520 0.000020
5521 0.000020
5522 0.000020
5523 0.000020
5524 0.000020
5525 0.000020
5526 0.000020
5527 0.000020
5528 0.000020
5529 0.000020
5530 0.000020
5531 0.000020
5532 0.000020
5533 0.000020
5534 0.000020
5535 0.000020
5536 0.000019
5537 0.000019
5538 0.000019
5539 0.000019
5540 0.000019
5541 0.000019
5542 0.000019
5543 0.000019
5544 0.000019
5545 0.000019
5546 0.000019
5547 0.000019
5548 0.000019
5549 0.000019
5550 0.000019
5551 0.000019
5552 0.000019
5553 0.000019
5554 0.000019
5555 0.000019
5556 0.000019
5557 0.000019
5558 0.000019
5559 0.000019
5560 0.000019
5561 0.000019
5562 0.000019
5563 0.000019
5564 0.000019
5565 0.000019
5566 0.000019
5567 0.000019
5568 0.000019
5569 0.000019
5570 0.000019
5571 0.000019
5572 0.000019
5573 0.000019
5574 0.000019
5575 0.000019
5576 0.000019
5577 0.000019
5578 0.000019
5579 0.000019
5580 0.000019
5581 0.000019
5582 0.000019
5583 0.000019
5584 0.000019
5585 0.000019
5586 0.000019
5587 0.000019
5588 0.000019
5589 0.000019
5590 0.000019
5591 0.000019
5592 0.000019
5593 0.000019
5594 0.000019
5595 0.000019
5596 0.000019
5597 0.000019
5598 0.000019
5599 0.000019
5600 0.000019
5601 0.000019
5602 0.000019
5603 0.000018
5604 0.000018
5605 0.000018
5606 0.000018
5607 0.000018
5608 0.000018
5609 0.000018
5610 0.000018
5611 0.000018
5612 0.000018
5613 0.000018
5614 0.000018
5615 0.000018
5616 0.000018
5617 0.000018
5618 0.000018
5619 0.000018
5620 0.000018
5621 0.000018
5622 0.000018
5623 0.000018
5624 0.000018
5625 0.000018
5626 0.000018
5627 0.000018
5628 0.000018
5629 0.000018
5630 0.000018
5631 0.000018
5632 0.000018
5633 0.000018
5634 0.000018
5635 0.000018
5636 0.000018
5637 0.000018
5638 0.000018
5639 0.000018
5640 0.000018
5641 0.000018
5642 0.000018
5643 0.000018
5644 0.000018
5645 0.000018
5646 0.000018
5647 0.000018
5648 0.000018
5649 0.000018
5650 0.000018
5651 0.000018
5652 0.000018
5653 0.000018
5654 0.000018
5655 0.000018
5656 0.000018
5657 0.000018
5658 0.000018
5659 0.000018
5660 0.000018
5661 0.000018
5662 0.000018
5663 0.000018
5664 0.000018
5665 0.000018
5666 0.000018
5667 0.000018
5668 0.000018
5669 0.000018
5670 0.000018
5671 0.000018
5672 0.000018
5673 0.000017
5674 0.000017
5675 0.000017
5676 0.000017
5677 0.000017
5678 0.000017
5679 0.000017
5680 0.000017
5681 0.000017
5682 0.000017
5683 0.000017
5684 0.000017
5685 0.000017
5686 0.000017
5687 0.000017
5688 0.000017
5689 0.000017
5690 0.000017
5691 0.000017
5692 0.000017
5693 0.000017
5694 0.000017
5695 0.000017
5696 0.000017
5697 0.000017
5698 0.000017
5699 0.000017
5700 0.000017
5701 0.000017
5702 0.000017
5703 0.000017
5704 0.000017
5705 0.000017
5706 0.000017
5707 0.000017
5708 0.000017
5709 0.000017
5710 0.000017
5711 0.000017
5712 0.000017
5713 0.000017
5714 0.000017
5715 0.000017
5716 0.000017
5717 0.000017
5718 0.000017
5719 0.000017
5720 0.000017
5721 0.000017
5722 0.000017
5723 0.000017
5724 0.000017
5725 0.000017
5726 0.000017
5727 0.000017
5728 0.000017
5729 0.000017
5730 0.000017
5731 0.000017
5732 0.000017
5733 0.000017
5734 0.000017
5735 0.000017
5736 0.000017
5737 0.000017
5738 0.000017
5739 0.000017
5740 0.000017
5741 0.000017
5742 0.000017
5743 0.000017
5744 0.000017
5745 0.000017
5746 0.000017
5747 0.000016
5748 0.000016
5749 0.000016
5750 0.000016
5751 0.000016
5752 0.000016
5753 0.000016
5754 0.000016
5755 0.000016
5756 0.000016
5757 0.000016
5758 0.000016
5759 0.000016
5760 0.000016
5761 0.000016
5762 0.000016
5763 0.000016
5764 0.000016
5765 0.000016
5766 0.000016
5767 0.000016
5768 0.000016
5769 0.000016
5770 0.000016
5771 0.000016
5772 0.000016
5773 0.000016
5774 0.000016
5775 0.000016
5776 0.000016
5777 0.000016
5778 0.000016
5779 0.000016
5780 0.000016
5781 0.000016
5782 0.000016
5783 0.000016
5784 0.000016
5785 0.000016
5786 0.000016
5787 0.000016
5788 0.000016
5789 0.000016
5790 0.000016
5791 0.000016
5792 0.000016
5793 0.000016
5794 0.000016
5795 0.000016
5796 0.000016
5797 0.000016
5798 0.000016
5799 0.000016
5800 0.000016
5801 0.000016
5802 0.000016
5803 0.000016
5804 0.000016
5805 0.000016
5806 0.000016
5807 0.000016
5808 0.000016
5809 0.000016
5810 0.000016
5811 0.000016
5812 0.000016
5813 0.000016
5814 0.000016
5815 0.000016
5816 0.000016
5817 0.000016
5818 0.000016
5819 0.000016
5820 0.000016
5821 0.000016
5822 0.000016
5823 0.000016
5824 0.000016
5825 0.000016
5826 0.000015
5827 0.000015
5828 0.000015
5829 0.000015
5830 0.000015
5831 0.000015
5832 0.000015
5833 0.000015
5834 0.000015
5835 0.000015
5836 0.000015
5837 0.000015
5838 0.000015
5839 0.000015
5840 0.000015
5841 0.000015
5842 0.000015
5843 0.000015
5844 0.000015
5845 0.000015
5846 0.000015
5847 0.000015
5848 0.000015
5849 0.000015
5850 0.000015
5851 0.000015
5852 0.000015
5853 0.000015
5854 0.000015
5855 0.000015
5856 0.000015
5857 0.000015
5858 0.000015
5859 0.000015
5860 0.000015
5861 0.000015
5862 0.000015
5863 0.000015
5864 0.000015
5865 0.000015
5866 0.000015
5867 0.000015
5868 0.000015
5869 0.000015
5870 0.000015
5871 0.000015
5872 0.000015
5873 0.000015
5874 0.000015
5875 0.000015
5876 0.000015
5877 0.000015
5878 0.000015
5879 0.000015
5880 0.000015
5881 0.000015
5882 0.000015
5883 0.000015
5884 0.000015
5885 0.000015
5886 0.000015
5887 0.000015
5888 0.000015
5889 0.000015
5890 0.000015
5891 0.000015
5892 0.000015
5893 0.000015
5894 0.000015
5895 0.000015
5896 0.000015
5897 0.000015
5898 0.000015
5899 0.000015
5900 0.000015
5901 0.000015
5902 0.000015
5903 0.000015
5904 0.000015
5905 0.000015
5906 0.000015
5907 0.000015
5908 0.000015
5909 0.000015
5910 0.000015
5911 0.000014
5912 0.000014
5913 0.000014
5914 0.000014
5915 0.000014
5916 0.000014
5917 0.000014
5918 0.000014
5919 0.000014
5920 0.000014
5921 0.000014
5922 0.000014
5923 0.000014
5924 0.000014
5925 0.000014
5926 0.000014
5927 0.000014
5928 0.000014
5929 0.000014
5930 0.000014
5931 0.000014
5932 0.000014
5933 0.000014
5934 0.000014
5935 0.000014
5936 0.000014
5937 0.000014
5938 0.000014
5939 0.000014
5940 0.000014
5941 0.000014
5942 0.000014
5943 0.000014
5944 0.000014
5945 0.000014
5946 0.000014
5947 0.000014
5948 0.000014
5949 0.000014
5950 0.000014
5951 0.000014
5952 0.000014
5953 0.000014
5954 0.000014
5955 0.000014
5956 0.000014
5957 0.000014
5958 0.000014
5959 0.000014
5960 0.000014
5961 0.000014
5962 0.000014
5963 0.000014
5964 0.000014
5965 0.000014
5966 0.000014
5967 0.000014
5968 0.000014
5969 0.000014
5970 0.000014
5971 0.000014
5972 0.000014
5973 0.000014
5974 0.000014
5975 0.000014
5976 0.000014
5977 0.000014
5978 0.000014
5979 0.000014
5980 0.000014
5981 0.000014
5982 0.000014
5983 0.000014
5984 0.000014
5985 0.000014
5986 0.000014
5987 0.000014
5988 0.000014
5989 0.000014
5990 0.000014
5991 0.000014
5992 0.000014
5993 0.000014
5994 0.000014
5995 0.000014
5996 0.000014
5997 0.000014
5998 0.000014
5999 0.000014
6000 0.000014
6001 0.000013
6002 0.000013
6003 0.000013
6004 0.000013
6005 0.000013
6006 0.000013
6007 0.000013
6008 0.000013
6009 0.000013
6010 0.000013
6011 0.000013
6012 0.000013
6013 0.000013
6014 0.000013
6015 0.000013
6016 0.000013
6017 0.000013
6018 0.000013
6019 0.000013
6020 0.000013
6021 0.000013
6022 0.000013
6023 0.000013
6024 0.000013
6025 0.000013
6026 0.000013
6027 0.000013
6028 0.000013
6029 0.000013
6030 0.000013
6031 0.000013
6032 0.000013
6033 0.000013
6034 0.000013
6035 0.000013
6036 0.000013
6037 0.000013
6038 0.000013
6039 0.000013
6040 0.000013
6041 0.000013
6042 0.000013
6043 0.000013
6044 0.000013
6045 0.000013
6046 0.000013
6047 0.000013
6048 0.000013
6049 0.000013
6050 0.000013
6051 0.000013
6052 0.000013
6053 0.000013
6054 0.000013
6055 0.000013
6056 0.000013
6057 0.000013
6058 0.000013
6059 0.000013
6060 0.000013
6061 0.000013
6062 0.000013
6063 0.000013
6064 0.000013
6065 0.000013
6066 0.000013
6067 0.000013
6068 0.000013
6069 0.000013
6070 0.000013
6071 0.000013
6072 0.000013
6073 0.000013
6074 0.000013
6075 0.000013
6076 0.000013
6077 0.000013
6078 0.000013
6079 0.000013
6080 0.000013
6081 0.000013
6082 0.000013
6083 0.000013
6084 0.000013
6085 0.000013
6086 0.000013
6087 0.000013
6088 0.000013
6089 0.000013
6090 0.000013
6091 0.000013
6092 0.000013
6093 0.000013
6094 0.000013
6095 0.000013
6096 0.000013
6097 0.000013
6098 0.000012
6099 0.000012
6100 0.000012
6101 0.000012
6102 0.000012
6103 0.000012
6104 0.000012
6105 0.000012
6106 0.000012
6107 0.000012
6108 0.000012
6109 0.000012
6110 0.000012
6111 0.000012
6112 0.000012
6113 0.000012
6114 0.000012
6115 0.000012
6116 0.000012
6117 0.000012
6118 0.000012
6119 0.000012
6120 0.000012
6121 0.000012
6122 0.000012
6123 0.000012
6124 0.000012
6125 0.000012
6126 0.000012
6127 0.000012
6128 0.000012
6129 0.000012
6130 0.000012
6131 0.000012
6132 0.000012
6133 0.000012
6134 0.000012
6135 0.000012
6136 0.000012
6137 0.000012
6138 0.000012
6139 0.000012
6140 0.000012
6141 0.000012
6142 0.000012
6143 0.000012
6144 0.000012
6145 0.000012
6146 0.000012
6147 0.000012
6148 0.000012
6149 0.000012
6150 0.000012
6151 0.000012
6152 0.000012
6153 0.000012
6154 0.000012
6155 0.000012
6156 0.000012
6157 0.000012
6158 0.000012
6159 0.000012
6160 0.000012
6161 0.000012
6162 0.000012
6163 0.000012
6164 0.000012
6165 0.000012
6166 0.000012
6167 0.000012
6168 0.000012
6169 0.000012
6170 0.000012
6171 0.000012
6172 0.000012
6173 0.000012
6174 0.000012
6175 0.000012
6176 0.000012
6177 0.000012
6178 0.000012
6179 0.000012
6180 0.000012
6181 0.000012
6182 0.000012
6183 0.000012
6184 0.000012
6185 0.000012
6186 0.000012
6187 0.000012
6188 0.000012
6189 0.000012
6190 0.000012
6191 0.000012
6192 0.000012
6193 0.000012
6194 0.000012
6195 0.000012
6196 0.000012
6197 0.000012
6198 0.000012
6199 0.000012
6200 0.000012
6201 0.000012
6202 0.000012
6203 0.000012
6204 0.000011
6205 0.000011
6206 0.000011
6207 0.000011
6208 0.000011
6209 0.000011
6210 0.000011
6211 0.000011
6212 0.000011
6213 0.000011
6214 0.000011
6215 0.000011
6216 0.000011
6217 0.000011
6218 0.000011
6219 0.000011
6220 0.000011
6221 0.000011
6222 0.000011
6223 0.000011
6224 0.000011
6225 0.000011
6226 0.000011
6227 0.000011
6228 0.000011
6229 0.000011
6230 0.000011
6231 0.000011
6232 0.000011
6233 0.000011
6234 0.000011
6235 0.000011
6236 0.000011
6237 0.000011
6238 0.000011
6239 0.000011
6240 0.000011
6241 0.000011
6242 0.000011
6243 0.000011
6244 0.000011
6245 0.000011
6246 0.000011
6247 0.000011
6248 0.000011
6249 0.000011
6250 0.000011
6251 0.000011
6252 0.000011
6253 0.000011
6254 0.000011
6255 0.000011
6256 0.000011
6257 0.000011
6258 0.000011
6259 0.000011
6260 0.000011
6261 0.000011
6262 0.000011
6263 0.000011
6264 0.000011
6265 0.000011
6266 0.000011
6267 0.000011
6268 0.000011
6269 0.000011
6270 0.000011
6271 0.000011
6272 0.000011
6273 0.000011
6274 0.000011
6275 0.000011
6276 0.000011
6277 0.000011
6278 0.000011
6279 0.000011
6280 0.000011
6281 0.000011
6282 0.000011
6283 0.000011
6284 0.000011
6285 0.000011
6286 0.000011
6287 0.000011
6288 0.000011
6289 0.000011
6290 0.000011
6291 0.000011
6292 0.000011
6293 0.000011
6294 0.000011
6295 0.000011
6296 0.000011
6297 0.000011
6298 0.000011
6299 0.000011
6300 0.000011
6301 0.000011
6302 0.000011
6303 0.000011
6304 0.000011
6305 0.000011
6306 0.000011
6307 0.000011
6308 0.000011
6309 0.000011
6310 0.000011
6311 0.000011
6312 0.000011
6313 0.000011
6314 0.000011
6315 0.000011
6316 0.000011
6317 0.000011
6318 0.000011
6319 0.000010
6320 0.000010
6321 0.000010
6322 0.000010
6323 0.000010
6324 0.000010
6325 0.000010
6326 0.000010
6327 0.000010
6328 0.000010
6329 0.000010
6330 0.000010
6331 0.000010
6332 0.000010
6333 0.000010
6334 0.000010
6335 0.000010
6336 0.000010
6337 0.000010
6338 0.000010
6339 0.000010
6340 0.000010
6341 0.000010
6342 0.000010
6343 0.000010
6344 0.000010
6345 0.000010
6346 0.000010
6347 0.000010
6348 0.000010
6349 0.000010
6350 0.000010
6351 0.000010
6352 0.000010
6353 0.000010
6354 0.000010
6355 0.000010
6356 0.000010
6357 0.000010
6358 0.000010
6359 0.000010
6360 0.000010
6361 0.000010
6362 0.000010
6363 0.000010
6364 0.000010
6365 0.000010
6366 0.000010
6367 0.000010
6368 0.000010
6369 0.000010
6370 0.000010
6371 0.000010
6372 0.000010
6373 0.000010
6374 0.000010
6375 0.000010
6376 0.000010
6377 0.000010
6378 0.000010
6379 0.000010
6380 0.000010
6381 0.000010
