3 0.723852
4 0.798375
5 0.841018
6 0.868689
7 0.888108
8 0.902492
9 0.913576
10 0.922380
11 0.929542
12 0.935482
13 0.940488
14 0.944765
15 0.948461
16 0.951687
17 0.954528
18 0.957047
19 0.959298
20 0.961320
21 0.963147
22 0.964806
23 0.966319
24 0.967704
25 0.968977
26 0.970151
27 0.971238
28 0.972245
29 0.973183
30 0.974057
31 0.974875
32 0.975641
33 0.976360
34 0.977036
35 0.977674
36 0.978275
37 0.978844
38 0.979383
39 0.979893
40 0.980378
41 0.980840
42 0.981279
43 0.981697
44 0.982096
45 0.982478
46 0.982843
47 0.983192
48 0.983526
49 0.983847
50 0.984154
51 0.984450
52 0.984734
53 0.985008
54 0.985271
55 0.985524
56 0.985769
57 0.986004
58 0.986232
59 0.986452
60 0.986664
61 0.986870
62 0.987068
63 0.987261
64 0.987447
65 0.987628
66 0.987803
67 0.987973
68 0.988138
69 0.988298
70 0.988453
71 0.988604
72 0.988751
73 0.988893
74 0.989032
75 0.989167
76 0.989299
77 0.989427
78 0.989552
79 0.989674
80 0.989792
81 0.989908
82 0.990021
83 0.990131
84 0.990238
85 0.990343
86 0.990445
87 0.990545
88 0.990643
89 0.990739
90 0.990832
91 0.990924
92 0.991013
93 0.991101
94 0.991186
95 0.991270
96 0.991352
97 0.991432
98 0.991511
99 0.991588
100 0.991664
101 0.991738
102 0.991810
103 0.991881
104 0.991951
105 0.992020
106 0.992087
107 0.992153
108 0.992217
109 0.992281
110 0.992343
111 0.992404
112 0.992464
113 0.992523
114 0.992581
115 0.992638
116 0.992694
117 0.992750
118 0.992804
119 0.992857
120 0.992909
121 0.992961
122 0.993011
123 0.993061
124 0.993110
125 0.993158
126 0.993205
127 0.993252
128 0.993298
129 0.993343
130 0.993388
131 0.993432
132 0.993475
133 0.993517
134 0.993559
135 0.993601
136 0.993641
137 0.993681
138 0.993721
139 0.993760
140 0.993798
141 0.993836
142 0.993873
143 0.993910
144 0.993946
145 0.993982
146 0.994017
147 0.994052
148 0.994086
149 0.994120
150 0.994154
151 0.994187
152 0.994219
153 0.994251
154 0.994283
155 0.994314
156 0.994345
157 0.994376
158 0.994406
159 0.994435
160 0.994465
161 0.994494
162 0.994522
163 0.994551
164 0.994579
165 0.994606
166 0.994634
167 0.994661
168 0.994687
169 0.994713
170 0.994739
171 0.994765
172 0.994791
173 0.994816
174 0.994841
175 0.994865
176 0.994889
177 0.994913
178 0.994937
179 0.994961
180 0.994984
181 0.995007
182 0.995029
183 0.995052
184 0.995074
185 0.995096
186 0.995118
187 0.995139
188 0.995161
189 0.995182
190 0.995202
191 0.995223
192 0.995243
193 0.995264
194 0.995284
195 0.995303
196 0.995323
197 0.995342
198 0.995362
199 0.995381
200 0.995399
201 0.995418
202 0.995436
203 0.995455
204 0.995473
205 0.995491
206 0.995508
207 0.995526
208 0.995543
209 0.995561
210 0.995578
211 0.995595
212 0.995611
213 0.995628
214 0.995644
215 0.995661
216 0.995677
217 0.995693
218 0.995709
219 0.995724
220 0.995740
221 0.995755
222 0.995771
223 0.995786
224 0.995801
225 0.995816
226 0.995830
227 0.995845
228 0.995859
229 0.995874
230 0.995888
231 0.995902
232 0.995916
233 0.995930
234 0.995944
235 0.995957
236 0.995971
237 0.995984
238 0.995998
239 0.996011
240 0.996024
241 0.996037
242 0.996050
243 0.996063
244 0.996075
245 0.996088
246 0.996100
247 0.996113
248 0.996125
249 0.996137
250 0.996149
251 0.996161
252 0.996173
253 0.996185
254 0.996196
255 0.996208
256 0.996219
257 0.996231
258 0.996242
259 0.996253
260 0.996264
261 0.996276
262 0.996286
263 0.996297
264 0.996308
265 0.996319
266 0.996330
267 0.996340
268 0.996351
269 0.996361
270 0.996371
271 0.996382
272 0.996392
273 0.996402
274 0.996412
275 0.996422
276 0.996432
277 0.996441
278 0.996451
279 0.996461
280 0.996470
281 0.996480
282 0.996489
283 0.996499
284 0.996508
285 0.996517
286 0.996527
287 0.996536
288 0.996545
289 0.996554
290 0.996563
291 0.996571
292 0.996580
293 0.996589
294 0.996598
295 0.996606
296 0.996615
297 0.996623
298 0.996632
299 0.996640
300 0.996648
301 0.996657
302 0.996665
303 0.996673
304 0.996681
305 0.996689
306 0.996697
307 0.996705
308 0.996713
309 0.996721
310 0.996728
311 0.996736
312 0.996744
313 0.996751
314 0.996759
315 0.996767
316 0.996774
317 0.996781
318 0.996789
319 0.996796
320 0.996803
321 0.996810
322 0.996818
323 0.996825
324 0.996832
325 0.996839
326 0.996846
327 0.996853
328 0.996860
329 0.996866
330 0.996873
331 0.996880
332 0.996887
333 0.996893
334 0.996900
335 0.996907
336 0.996913
337 0.996920
338 0.996926
339 0.996932
340 0.996939
341 0.996945
342 0.996951
343 0.996958
344 0.996964
345 0.996970
346 0.996976
347 0.996982
348 0.996988
349 0.996994
350 0.997000
351 0.997006
352 0.997012
353 0.997018
354 0.997024
355 0.997029
356 0.997035
357 0.997041
358 0.997047
359 0.997052
360 0.997058
361 0.997063
362 0.997069
363 0.997074
364 0.997080
365 0.997085
366 0.997091
367 0.997096
368 0.997101
369 0.997107
370 0.997112
371 0.997117
372 0.997122
373 0.997127
374 0.997133
375 0.997138
376 0.997143
377 0.997148
378 0.997153
379 0.997158
380 0.997163
381 0.997168
382 0.997172
383 0.997177
384 0.997182
385 0.997187
386 0.997192
387 0.997196
388 0.997201
389 0.997206
390 0.997210
391 0.997215
392 0.997220
393 0.997224
394 0.997229
395 0.997233
396 0.997238
397 0.997242
398 0.997247
399 0.997251
400 0.997255
401 0.997260
402 0.997264
403 0.997268
404 0.997273
405 0.997277
406 0.997281
407 0.997285
408 0.997289
409 0.997293
410 0.997298
411 0.997302
412 0.997306
413 0.997310
414 0.997314
415 0.997318
416 0.997322
417 0.997326
418 0.997330
419 0.997333
420 0.997337
421 0.997341
422 0.997345
423 0.997349
424 0.997353
425 0.997356
426 0.997360
427 0.997364
428 0.997368
429 0.997371
430 0.997375
431 0.997378
432 0.997382
433 0.997386
434 0.997389
435 0.997393
436 0.997396
437 0.997400
438 0.997403
439 0.997407
440 0.997410
441 0.997414
442 0.997417
443 0.997420
444 0.997424
445 0.997427
446 0.997430
447 0.997434
448 0.997437
449 0.997440
450 0.997444
451 0.997447
452 0.997450
453 0.997453
454 0.997456
455 0.997459
456 0.997463
457 0.997466
458 0.997469
459 0.997472
460 0.997475
461 0.997478
462 0.997481
463 0.997484
464 0.997487
465 0.997490
466 0.997493
467 0.997496
468 0.997499
469 0.997502
470 0.997505
471 0.997507
472 0.997510
473 0.997513
474 0.997516
475 0.997519
476 0.997522
477 0.997524
478 0.997527
479 0.997530
480 0.997533
481 0.997535
482 0.997538
483 0.997541
484 0.997543
485 0.997546
486 0.997549
487 0.997551
488 0.997554
489 0.997557
490 0.997559
491 0.997562
492 0.997564
493 0.997567
494 0.997569
495 0.997572
496 0.997574
497 0.997577
498 0.997579
499 0.997582
500 0.997584
501 0.997587
502 0.997589
503 0.997591
504 0.997594
505 0.997596
506 0.997599
507 0.997601
508 0.997603
509 0.997606
510 0.997608
511 0.997610
512 0.997612
513 0.997615
514 0.997617
515 0.997619
516 0.997621
517 0.997624
518 0.997626
519 0.997628
520 0.997630
521 0.997632
522 0.997635
523 0.997637
524 0.997639
525 0.997641
526 0.997643
527 0.997645
528 0.997647
529 0.997649
530 0.997652
531 0.997654
532 0.997656
533 0.997658
534 0.997660
535 0.997662
536 0.997664
537 0.997666
538 0.997668
539 0.997670
540 0.997672
541 0.997674
542 0.997676
543 0.997678
544 0.997679
545 0.997681
546 0.997683
547 0.997685
548 0.997687
549 0.997689
550 0.997691
551 0.997693
552 0.997694
553 0.997696
554 0.997698
555 0.997700
556 0.997702
557 0.997704
558 0.997705
559 0.997707
560 0.997709
561 0.997711
562 0.997712
563 0.997714
564 0.997716
565 0.997718
566 0.997719
567 0.997721
568 0.997723
569 0.997724
570 0.997726
571 0.997728
572 0.997729
573 0.997731
574 0.997733
575 0.997734
576 0.997736
577 0.997738
578 0.997739
579 0.997741
580 0.997742
581 0.997744
582 0.997746
583 0.997747
584 0.997749
585 0.997750
586 0.997752
587 0.997753
588 0.997755
589 0.997757
590 0.997758
591 0.997760
592 0.997761
593 0.997763
594 0.997764
595 0.997766
596 0.997767
597 0.997768
598 0.997770
599 0.997771
600 0.997773
601 0.997774
602 0.997776
603 0.997777
604 0.997779
605 0.997780
606 0.997781
607 0.997783
608 0.997784
609 0.997786
610 0.997787
611 0.997788
612 0.997790
613 0.997791
614 0.997792
615 0.997794
616 0.997795
617 0.997796
618 0.997798
619 0.997799
620 0.997800
621 0.997802
622 0.997803
623 0.997804
624 0.997806
625 0.997807
626 0.997808
627 0.997809
628 0.997811
629 0.997812
630 0.997813
631 0.997814
632 0.997816
633 0.997817
634 0.997818
635 0.997819
636 0.997821
637 0.997822
638 0.997823
639 0.997824
640 0.997825
641 0.997827
642 0.997828
643 0.997829
644 0.997830
645 0.997831
646 0.997833
647 0.997834
648 0.997835
649 0.997836
650 0.997837
651 0.997838
652 0.997839
653 0.997841
654 0.997842
655 0.997843
656 0.997844
657 0.997845
658 0.997846
659 0.997847
660 0.997848
661 0.997849
662 0.997851
663 0.997852
664 0.997853
665 0.997854
666 0.997855
667 0.997856
668 0.997857
669 0.997858
670 0.997859
671 0.997860
672 0.997861
673 0.997862
674 0.997863
675 0.997864
676 0.997865
677 0.997866
678 0.997867
679 0.997868
680 0.997869
681 0.997870
682 0.997871
683 0.997872
684 0.997873
685 0.997874
686 0.997875
687 0.997876
688 0.997877
689 0.997878
690 0.997879
691 0.997880
692 0.997881
693 0.997882
694 0.997883
695 0.997884
696 0.997885
697 0.997886
698 0.997887
699 0.997888
700 0.997889
701 0.997890
702 0.997890
703 0.997891
704 0.997892
705 0.997893
706 0.997894
707 0.997895
708 0.997896
709 0.997897
710 0.997898
711 0.997899
712 0.997899
713 0.997900
714 0.997901
715 0.997902
716 0.997903
717 0.997904
718 0.997905
719 0.997906
720 0.997906
721 0.997907
722 0.997908
723 0.997909
724 0.997910
725 0.997911
726 0.997911
727 0.997912
728 0.997913
729 0.997914
730 0.997915
731 0.997916
732 0.997916
733 0.997917
734 0.997918
735 0.997919
736 0.997920
737 0.997920
738 0.997921
739 0.997922
740 0.997923
741 0.997924
742 0.997924
743 0.997925
744 0.997926
745 0.997927
746 0.997928
747 0.997928
748 0.997929
749 0.997930
750 0.997931
751 0.997931
752 0.997932
753 0.997933
754 0.997934
755 0.997934
756 0.997935
757 0.997936
758 0.997937
759 0.997937
760 0.997938
761 0.997939
762 0.997940
763 0.997940
764 0.997941
765 0.997942
766 0.997943
767 0.997943
768 0.997944
769 0.997945
770 0.997945
771 0.997946
772 0.997947
773 0.997947
774 0.997948
775 0.997949
776 0.997950
777 0.997950
778 0.997951
779 0.997952
780 0.997952
781 0.997953
782 0.997954
783 0.997954
784 0.997955
785 0.997956
786 0.997956
787 0.997957
788 0.997958
789 0.997958
790 0.997959
791 0.997960
792 0.997960
793 0.997961
794 0.997962
795 0.997962
796 0.997963
797 0.997964
798 0.997964
799 0.997965
800 0.997966
801 0.997966
802 0.997967
803 0.997968
804 0.997968
805 0.997969
806 0.997970
807 0.997970
808 0.997971
809 0.997971
810 0.997972
811 0.997973
812 0.997973
813 0.997974
814 0.997975
815 0.997975
816 0.997976
817 0.997976
818 0.997977
819 0.997978
820 0.997978
821 0.997979
822 0.997979
823 0.997980
824 0.997981
825 0.997981
826 0.997982
827 0.997982
828 0.997983
829 0.997984
830 0.997984
831 0.997985
832 0.997985
833 0.997986
834 0.997987
835 0.997987
836 0.997988
837 0.997988
838 0.997989
839 0.997990
840 0.997990
841 0.997991
842 0.997991
843 0.997992
844 0.997992
845 0.997993
846 0.997993
847 0.997994
848 0.997995
849 0.997995
850 0.997996
851 0.997996
852 0.997997
853 0.997997
854 0.997998
855 0.997999
856 0.997999
857 0.998000
858 0.998000
859 0.998001
860 0.998001
861 0.998002
862 0.998002
863 0.998003
864 0.998003
865 0.998004
866 0.998005
867 0.998005
868 0.998006
869 0.998006
870 0.998007
871 0.998007
872 0.998008
873 0.998008
874 0.998009
875 0.998009
876 0.998010
877 0.998010
878 0.998011
879 0.998011
880 0.998012
881 0.998012
882 0.998013
883 0.998013
884 0.998014
885 0.998015
886 0.998015
887 0.998016
888 0.998016
889 0.998017
890 0.998017
891 0.998018
892 0.998018
893 0.998019
894 0.998019
895 0.998020
896 0.998020
897 0.998021
898 0.998021
899 0.998022
900 0.998022
901 0.998023
902 0.998023
903 0.998024
904 0.998024
905 0.998025
906 0.998025
907 0.998026
908 0.998026
909 0.998027
910 0.998027
911 0.998027
912 0.998028
913 0.998028
914 0.998029
915 0.998029
916 0.998030
917 0.998030
918 0.998031
919 0.998031
920 0.998032
921 0.998032
922 0.998033
923 0.998033
924 0.998034
925 0.998034
926 0.998035
927 0.998035
928 0.998036
929 0.998036
930 0.998037
931 0.998037
932 0.998037
933 0.998038
934 0.998038
935 0.998039
936 0.998039
937 0.998040
938 0.998040
939 0.998041
940 0.998041
941 0.998042
942 0.998042
943 0.998043
944 0.998043
945 0.998044
946 0.998044
947 0.998044
948 0.998045
949 0.998045
950 0.998046
951 0.998046
952 0.998047
953 0.998047
954 0.998048
955 0.998048
956 0.998048
957 0.998049
958 0.998049
959 0.998050
960 0.998050
961 0.998051
962 0.998051
963 0.998052
964 0.998052
965 0.998052
966 0.998053
967 0.998053
968 0.998054
969 0.998054
970 0.998055
971 0.998055
972 0.998056
973 0.998056
974 0.998056
975 0.998057
976 0.998057
977 0.998058
978 0.998058
979 0.998059
980 0.998059
981 0.998059
982 0.998060
983 0.998060
984 0.998061
985 0.998061
986 0.998062
987 0.998062
988 0.998063
989 0.998063
990 0.998063
991 0.998064
992 0.998064
993 0.998065
994 0.998065
995 0.998066
996 0.998066
997 0.998066
998 0.998067
999 0.998067
1000 0.998068
1001 0.998068
1002 0.998068
1003 0.998069
1004 0.998069
1005 0.998070
1006 0.998070
1007 0.998071
1008 0.998071
1009 0.998071
1010 0.998072
1011 0.998072
1012 0.998073
1013 0.998073
1014 0.998074
1015 0.998074
1016 0.998074
1017 0.998075
1018 0.998075
1019 0.998076
1020 0.998076
1021 0.998076
1022 0.998077
1023 0.998077
1024 0.998078
1025 0.998078
1026 0.998078
1027 0.998079
1028 0.998079
1029 0.998080
1030 0.998080
1031 0.998081
1032 0.998081
1033 0.998081
1034 0.998082
1035 0.998082
1036 0.998083
1037 0.998083
1038 0.998083
1039 0.998084
1040 0.998084
1041 0.998085
1042 0.998085
1043 0.998085
1044 0.998086
1045 0.998086
1046 0.998087
1047 0.998087
1048 0.998087
1049 0.998088
1050 0.998088
1051 0.998089
1052 0.998089
1053 0.998089
1054 0.998090
1055 0.998090
1056 0.998091
1057 0.998091
1058 0.998092
1059 0.998092
1060 0.998092
1061 0.998093
1062 0.998093
1063 0.998094
1064 0.998094
1065 0.998094
1066 0.998095
1067 0.998095
1068 0.998096
1069 0.998096
1070 0.998096
1071 0.998097
1072 0.998097
1073 0.998098
1074 0.998098
1075 0.998098
1076 0.998099
1077 0.998099
1078 0.998100
1079 0.998100
1080 0.998100
1081 0.998101
1082 0.998101
1083 0.998102
1084 0.998102
1085 0.998102
1086 0.998103
1087 0.998103
1088 0.998103
1089 0.998104
1090 0.998104
1091 0.998105
1092 0.998105
1093 0.998105
1094 0.998106
1095 0.998106
1096 0.998107
1097 0.998107
1098 0.998107
1099 0.998108
1100 0.998108
1101 0.998109
1102 0.998109
1103 0.998109
1104 0.998110
1105 0.998110
1106 0.998111
1107 0.998111
1108 0.998111
1109 0.998112
1110 0.998112
1111 0.998113
1112 0.998113
1113 0.998113
1114 0.998114
1115 0.998114
1116 0.998115
1117 0.998115
1118 0.998115
1119 0.998116
1120 0.998116
1121 0.998117
1122 0.998117
1123 0.998117
1124 0.998118
1125 0.998118
1126 0.998119
1127 0.998119
1128 0.998119
1129 0.998120
1130 0.998120
1131 0.998120
1132 0.998121
1133 0.998121
1134 0.998122
1135 0.998122
1136 0.998122
1137 0.998123
1138 0.998123
1139 0.998124
1140 0.998124
1141 0.998124
1142 0.998125
1143 0.998125
1144 0.998126
1145 0.998126
1146 0.998126
1147 0.998127
1148 0.998127
1149 0.998128
1150 0.998128
1151 0.998128
1152 0.998129
1153 0.998129
1154 0.998130
1155 0.998130
1156 0.998130
1157 0.998131
1158 0.998131
1159 0.998132
1160 0.998132
1161 0.998132
1162 0.998133
1163 0.998133
1164 0.998134
1165 0.998134
1166 0.998134
1167 0.998135
1168 0.998135
1169 0.998135
1170 0.998136
1171 0.998136
1172 0.998137
1173 0.998137
1174 0.998137
1175 0.998138
1176 0.998138
1177 0.998139
1178 0.998139
1179 0.998139
1180 0.998140
1181 0.998140
1182 0.998141
1183 0.998141
1184 0.998141
1185 0.998142
1186 0.998142
1187 0.998143
1188 0.998143
1189 0.998143
1190 0.998144
1191 0.998144
1192 0.998145
1193 0.998145
1194 0.998145
1195 0.998146
1196 0.998146
1197 0.998147
1198 0.998147
1199 0.998147
1200 0.998148
1201 0.998148
1202 0.998149
1203 0.998149
1204 0.998149
1205 0.998150
1206 0.998150
1207 0.998151
1208 0.998151
1209 0.998151
1210 0.998152
1211 0.998152
1212 0.998153
1213 0.998153
1214 0.998153
1215 0.998154
1216 0.998154
1217 0.998155
1218 0.998155
1219 0.998155
1220 0.998156
1221 0.998156
1222 0.998157
1223 0.998157
1224 0.998157
1225 0.998158
1226 0.998158
1227 0.998159
1228 0.998159
1229 0.998159
1230 0.998160
1231 0.998160
1232 0.998161
1233 0.998161
1234 0.998162
1235 0.998162
1236 0.998162
1237 0.998163
1238 0.998163
1239 0.998164
1240 0.998164
1241 0.998164
1242 0.998165
1243 0.998165
1244 0.998166
1245 0.998166
1246 0.998166
1247 0.998167
1248 0.998167
1249 0.998168
1250 0.998168
1251 0.998168
1252 0.998169
1253 0.998169
1254 0.998170
1255 0.998170
1256 0.998171
1257 0.998171
1258 0.998171
1259 0.998172
1260 0.998172
1261 0.998173
1262 0.998173
1263 0.998173
1264 0.998174
1265 0.998174
1266 0.998175
1267 0.998175
1268 0.998175
1269 0.998176
1270 0.998176
1271 0.998177
1272 0.998177
1273 0.998178
1274 0.998178
1275 0.998178
1276 0.998179
1277 0.998179
1278 0.998180
1279 0.998180
1280 0.998180
1281 0.998181
1282 0.998181
1283 0.998182
1284 0.998182
1285 0.998183
1286 0.998183
1287 0.998183
1288 0.998184
1289 0.998184
1290 0.998185
1291 0.998185
1292 0.998186
1293 0.998186
1294 0.998186
1295 0.998187
1296 0.998187
1297 0.998188
1298 0.998188
1299 0.998189
1300 0.998189
1301 0.998189
1302 0.998190
1303 0.998190
1304 0.998191
1305 0.998191
1306 0.998191
1307 0.998192
1308 0.998192
1309 0.998193
1310 0.998193
1311 0.998194
1312 0.998194
1313 0.998194
1314 0.998195
1315 0.998195
1316 0.998196
1317 0.998196
1318 0.998197
1319 0.998197
1320 0.998198
1321 0.998198
1322 0.998198
1323 0.998199
1324 0.998199
1325 0.998200
1326 0.998200
1327 0.998201
1328 0.998201
1329 0.998201
1330 0.998202
1331 0.998202
1332 0.998203
1333 0.998203
1334 0.998204
1335 0.998204
1336 0.998204
1337 0.998205
1338 0.998205
1339 0.998206
1340 0.998206
1341 0.998207
1342 0.998207
1343 0.998208
1344 0.998208
1345 0.998208
1346 0.998209
1347 0.998209
1348 0.998210
1349 0.998210
1350 0.998211
1351 0.998211
1352 0.998212
1353 0.998212
1354 0.998212
1355 0.998213
1356 0.998213
1357 0.998214
1358 0.998214
1359 0.998215
1360 0.998215
1361 0.998216
1362 0.998216
1363 0.998216
1364 0.998217
1365 0.998217
1366 0.998218
1367 0.998218
1368 0.998219
1369 0.998219
1370 0.998220
1371 0.998220
1372 0.998221
1373 0.998221
1374 0.998221
1375 0.998222
1376 0.998222
1377 0.998223
1378 0.998223
1379 0.998224
1380 0.998224
1381 0.998225
1382 0.998225
1383 0.998226
1384 0.998226
1385 0.998226
1386 0.998227
1387 0.998227
1388 0.998228
1389 0.998228
1390 0.998229
1391 0.998229
1392 0.998230
1393 0.998230
1394 0.998231
1395 0.998231
1396 0.998232
1397 0.998232
1398 0.998233
1399 0.998233
1400 0.998233
1401 0.998234
1402 0.998234
1403 0.998235
1404 0.998235
1405 0.998236
1406 0.998236
1407 0.998237
1408 0.998237
1409 0.998238
1410 0.998238
1411 0.998239
1412 0.998239
1413 0.998240
1414 0.998240
1415 0.998240
1416 0.998241
1417 0.998241
1418 0.998242
1419 0.998242
1420 0.998243
1421 0.998243
1422 0.998244
1423 0.998244
1424 0.998245
1425 0.998245
1426 0.998246
1427 0.998246
1428 0.998247
1429 0.998247
1430 0.998248
1431 0.998248
1432 0.998249
1433 0.998249
1434 0.998250
1435 0.998250
1436 0.998251
1437 0.998251
1438 0.998252
1439 0.998252
1440 0.998252
1441 0.998253
1442 0.998253
1443 0.998254
1444 0.998254
1445 0.998255
1446 0.998255
1447 0.998256
1448 0.998256
1449 0.998257
1450 0.998257
1451 0.998258
1452 0.998258
1453 0.998259
1454 0.998259
1455 0.998260
1456 0.998260
1457 0.998261
1458 0.998261
1459 0.998262
1460 0.998262
1461 0.998263
1462 0.998263
1463 0.998264
1464 0.998264
1465 0.998265
1466 0.998265
1467 0.998266
1468 0.998266
1469 0.998267
1470 0.998267
1471 0.998268
1472 0.998268
1473 0.998269
1474 0.998269
1475 0.998270
1476 0.998270
1477 0.998271
1478 0.998271
1479 0.998272
1480 0.998272
1481 0.998273
1482 0.998273
1483 0.998274
1484 0.998274
1485 0.998275
1486 0.998275
1487 0.998276
1488 0.998276
1489 0.998277
1490 0.998277
1491 0.998278
1492 0.998278
1493 0.998279
1494 0.998279
1495 0.998280
1496 0.998280
1497 0.998281
1498 0.998281
1499 0.998282
1500 0.998283
1501 0.998283
1502 0.998284
1503 0.998284
1504 0.998285
1505 0.998285
1506 0.998286
1507 0.998286
1508 0.998287
1509 0.998287
1510 0.998288
1511 0.998288
1512 0.998289
1513 0.998289
1514 0.998290
1515 0.998290
1516 0.998291
1517 0.998291
1518 0.998292
1519 0.998292
1520 0.998293
1521 0.998293
1522 0.998294
1523 0.998295
1524 0.998295
1525 0.998296
1526 0.998296
1527 0.998297
1528 0.998297
1529 0.998298
1530 0.998298
1531 0.998299
1532 0.998299
1533 0.998300
1534 0.998300
1535 0.998301
1536 0.998301
1537 0.998302
1538 0.998303
1539 0.998303
1540 0.998304
1541 0.998304
1542 0.998305
1543 0.998305
1544 0.998306
1545 0.998306
1546 0.998307
1547 0.998307
1548 0.998308
1549 0.998308
1550 0.998309
1551 0.998310
1552 0.998310
1553 0.998311
1554 0.998311
1555 0.998312
1556 0.998312
1557 0.998313
1558 0.998313
1559 0.998314
1560 0.998314
1561 0.998315
1562 0.998316
1563 0.998316
1564 0.998317
1565 0.998317
1566 0.998318
1567 0.998318
1568 0.998319
1569 0.998319
1570 0.998320
1571 0.998321
1572 0.998321
1573 0.998322
1574 0.998322
1575 0.998323
1576 0.998323
1577 0.998324
1578 0.998324
1579 0.998325
1580 0.998326
1581 0.998326
1582 0.998327
1583 0.998327
1584 0.998328
1585 0.998328
1586 0.998329
1587 0.998329
1588 0.998330
1589 0.998331
1590 0.998331
1591 0.998332
1592 0.998332
1593 0.998333
1594 0.998333
1595 0.998334
1596 0.998335
1597 0.998335
1598 0.998336
1599 0.998336
1600 0.998337
1601 0.998337
1602 0.998338
1603 0.998339
1604 0.998339
1605 0.998340
1606 0.998340
1607 0.998341
1608 0.998341
1609 0.998342
1610 0.998343
1611 0.998343
1612 0.998344
1613 0.998344
1614 0.998345
1615 0.998345
1616 0.998346
1617 0.998347
1618 0.998347
1619 0.998348
1620 0.998348
1621 0.998349
1622 0.998350
1623 0.998350
1624 0.998351
1625 0.998351
1626 0.998352
1627 0.998352
1628 0.998353
1629 0.998354
1630 0.998354
1631 0.998355
1632 0.998355
1633 0.998356
1634 0.998357
1635 0.998357
1636 0.998358
1637 0.998358
1638 0.998359
1639 0.998359
1640 0.998360
1641 0.998361
1642 0.998361
1643 0.998362
1644 0.998362
1645 0.998363
1646 0.998364
1647 0.998364
1648 0.998365
1649 0.998365
1650 0.998366
1651 0.998367
1652 0.998367
1653 0.998368
1654 0.998368
1655 0.998369
1656 0.998370
1657 0.998370
1658 0.998371
1659 0.998371
1660 0.998372
1661 0.998373
1662 0.998373
1663 0.998374
1664 0.998374
1665 0.998375
1666 0.998376
1667 0.998376
1668 0.998377
1669 0.998377
1670 0.998378
1671 0.998379
1672 0.998379
1673 0.998380
1674 0.998380
1675 0.998381
1676 0.998382
1677 0.998382
1678 0.998383
1679 0.998383
1680 0.998384
1681 0.998385
1682 0.998385
1683 0.998386
1684 0.998387
1685 0.998387
1686 0.998388
1687 0.998388
1688 0.998389
1689 0.998390
1690 0.998390
1691 0.998391
1692 0.998391
1693 0.998392
1694 0.998393
1695 0.998393
1696 0.998394
1697 0.998395
1698 0.998395
1699 0.998396
1700 0.998396
1701 0.998397
1702 0.998398
1703 0.998398
1704 0.998399
1705 0.998400
1706 0.998400
1707 0.998401
1708 0.998401
1709 0.998402
1710 0.998403
1711 0.998403
1712 0.998404
1713 0.998405
1714 0.998405
1715 0.998406
1716 0.998406
1717 0.998407
1718 0.998408
1719 0.998408
1720 0.998409
1721 0.998410
1722 0.998410
1723 0.998411
1724 0.998411
1725 0.998412
1726 0.998413
1727 0.998413
1728 0.998414
1729 0.998415
1730 0.998415
1731 0.998416
1732 0.998417
1733 0.998417
1734 0.998418
1735 0.998418
1736 0.998419
1737 0.998420
1738 0.998420
1739 0.998421
1740 0.998422
1741 0.998422
1742 0.998423
1743 0.998424
1744 0.998424
1745 0.998425
1746 0.998425
1747 0.998426
1748 0.998427
1749 0.998427
1750 0.998428
1751 0.998429
1752 0.998429
1753 0.998430
1754 0.998431
1755 0.998431
1756 0.998432
1757 0.998433
1758 0.998433
1759 0.998434
1760 0.998435
1761 0.998435
1762 0.998436
1763 0.998436
1764 0.998437
1765 0.998438
1766 0.998438
1767 0.998439
1768 0.998440
1769 0.998440
1770 0.998441
1771 0.998442
1772 0.998442
1773 0.998443
1774 0.998444
1775 0.998444
1776 0.998445
1777 0.998446
1778 0.998446
1779 0.998447
1780 0.998448
1781 0.998448
1782 0.998449
1783 0.998450
1784 0.998450
1785 0.998451
1786 0.998451
1787 0.998452
1788 0.998453
1789 0.998453
1790 0.998454
1791 0.998455
1792 0.998455
1793 0.998456
1794 0.998457
1795 0.998457
1796 0.998458
1797 0.998459
1798 0.998459
1799 0.998460
1800 0.998461
1801 0.998461
1802 0.998462
1803 0.998463
1804 0.998463
1805 0.998464
1806 0.998465
1807 0.998465
1808 0.998466
1809 0.998467
1810 0.998467
1811 0.998468
1812 0.998469
1813 0.998469
1814 0.998470
1815 0.998471
1816 0.998471
1817 0.998472
1818 0.998473
1819 0.998473
1820 0.998474
1821 0.998475
1822 0.998475
1823 0.998476
1824 0.998477
1825 0.998477
1826 0.998478
1827 0.998479
1828 0.998479
1829 0.998480
1830 0.998481
1831 0.998481
1832 0.998482
1833 0.998483
1834 0.998484
1835 0.998484
1836 0.998485
1837 0.998486
1838 0.998486
1839 0.998487
1840 0.998488
1841 0.998488
1842 0.998489
1843 0.998490
1844 0.998490
1845 0.998491
1846 0.998492
1847 0.998492
1848 0.998493
1849 0.998494
1850 0.998494
1851 0.998495
1852 0.998496
1853 0.998496
1854 0.998497
1855 0.998498
1856 0.998498
1857 0.998499
1858 0.998500
1859 0.998501
1860 0.998501
1861 0.998502
1862 0.998503
1863 0.998503
1864 0.998504
1865 0.998505
1866 0.998505
1867 0.998506
1868 0.998507
1869 0.998507
1870 0.998508
1871 0.998509
1872 0.998509
1873 0.998510
1874 0.998511
1875 0.998511
1876 0.998512
1877 0.998513
1878 0.998514
1879 0.998514
1880 0.998515
1881 0.998516
1882 0.998516
1883 0.998517
1884 0.998518
1885 0.998518
1886 0.998519
1887 0.998520
1888 0.998520
1889 0.998521
1890 0.998522
1891 0.998523
1892 0.998523
1893 0.998524
1894 0.998525
1895 0.998525
1896 0.998526
1897 0.998527
1898 0.998527
1899 0.998528
1900 0.998529
1901 0.998529
1902 0.998530
1903 0.998531
1904 0.998532
1905 0.998532
1906 0.998533
1907 0.998534
1908 0.998534
1909 0.998535
1910 0.998536
1911 0.998536
1912 0.998537
1913 0.998538
1914 0.998538
1915 0.998539
1916 0.998540
1917 0.998541
1918 0.998541
1919 0.998542
1920 0.998543
1921 0.998543
1922 0.998544
1923 0.998545
1924 0.998545
1925 0.998546
1926 0.998547
1927 0.998548
1928 0.998548
1929 0.998549
1930 0.998550
1931 0.998550
1932 0.998551
1933 0.998552
1934 0.998552
1935 0.998553
1936 0.998554
1937 0.998555
1938 0.998555
1939 0.998556
1940 0.998557
1941 0.998557
1942 0.998558
1943 0.998559
1944 0.998559
1945 0.998560
1946 0.998561
1947 0.998562
1948 0.998562
1949 0.998563
1950 0.998564
1951 0.998564
1952 0.998565
1953 0.998566
1954 0.998566
1955 0.998567
1956 0.998568
1957 0.998569
1958 0.998569
1959 0.998570
1960 0.998571
1961 0.998571
1962 0.998572
1963 0.998573
1964 0.998573
1965 0.998574
1966 0.998575
1967 0.998576
1968 0.998576
1969 0.998577
1970 0.998578
1971 0.998578
1972 0.998579
1973 0.998580
1974 0.998581
1975 0.998581
1976 0.998582
1977 0.998583
1978 0.998583
1979 0.998584
1980 0.998585
1981 0.998585
1982 0.998586
1983 0.998587
1984 0.998588
1985 0.998588
1986 0.998589
1987 0.998590
1988 0.998590
1989 0.998591
1990 0.998592
1991 0.998593
1992 0.998593
1993 0.998594
1994 0.998595
1995 0.998595
1996 0.998596
1997 0.998597
1998 0.998597
1999 0.998598
2000 0.998599
2001 0.998600
2002 0.998600
2003 0.998601
2004 0.998602
2005 0.998602
2006 0.998603
2007 0.998604
2008 0.998605
2009 0.998605
2010 0.998606
2011 0.998607
2012 0.998607
2013 0.998608
2014 0.998609
2015 0.998609
2016 0.998610
2017 0.998611
2018 0.998612
2019 0.998612
2020 0.998613
2021 0.998614
2022 0.998614
2023 0.998615
2024 0.998616
2025 0.998617
2026 0.998617
2027 0.998618
2028 0.998619
2029 0.998619
2030 0.998620
2031 0.998621
2032 0.998621
2033 0.998622
2034 0.998623
2035 0.998624
2036 0.998624
2037 0.998625
2038 0.998626
2039 0.998626
2040 0.998627
2041 0.998628
2042 0.998629
2043 0.998629
2044 0.998630
2045 0.998631
2046 0.998631
2047 0.998632
2048 0.998633
2049 0.998633
2050 0.998634
2051 0.998635
2052 0.998636
2053 0.998636
2054 0.998637
2055 0.998638
2056 0.998638
2057 0.998639
2058 0.998640
2059 0.998641
2060 0.998641
2061 0.998642
2062 0.998643
2063 0.998643
2064 0.998644
2065 0.998645
2066 0.998645
2067 0.998646
2068 0.998647
2069 0.998648
2070 0.998648
2071 0.998649
2072 0.998650
2073 0.998650
2074 0.998651
2075 0.998652
2076 0.998653
2077 0.998653
2078 0.998654
2079 0.998655
2080 0.998655
2081 0.998656
2082 0.998657
2083 0.998657
2084 0.998658
2085 0.998659
2086 0.998660
2087 0.998660
2088 0.998661
2089 0.998662
2090 0.998662
2091 0.998663
2092 0.998664
2093 0.998664
2094 0.998665
2095 0.998666
2096 0.998667
2097 0.998667
2098 0.998668
2099 0.998669
2100 0.998669
2101 0.998670
2102 0.998671
2103 0.998671
2104 0.998672
2105 0.998673
2106 0.998674
2107 0.998674
2108 0.998675
2109 0.998676
2110 0.998676
2111 0.998677
2112 0.998678
2113 0.998678
2114 0.998679
2115 0.998680
2116 0.998681
2117 0.998681
2118 0.998682
2119 0.998683
2120 0.998683
2121 0.998684
2122 0.998685
2123 0.998685
2124 0.998686
2125 0.998687
2126 0.998687
2127 0.998688
2128 0.998689
2129 0.998690
2130 0.998690
2131 0.998691
2132 0.998692
2133 0.998692
2134 0.998693
2135 0.998694
2136 0.998694
2137 0.998695
2138 0.998696
2139 0.998696
2140 0.998697
2141 0.998698
2142 0.998699
2143 0.998699
2144 0.998700
2145 0.998701
2146 0.998701
2147 0.998702
2148 0.998703
2149 0.998703
2150 0.998704
2151 0.998705
2152 0.998705
2153 0.998706
2154 0.998707
2155 0.998708
2156 0.998708
2157 0.998709
2158 0.998710
2159 0.998710
2160 0.998711
2161 0.998712
2162 0.998712
2163 0.998713
2164 0.998714
2165 0.998714
2166 0.998715
2167 0.998716
2168 0.998716
2169 0.998717
2170 0.998718
2171 0.998719
2172 0.998719
2173 0.998720
2174 0.998721
2175 0.998721
2176 0.998722
2177 0.998723
2178 0.998723
2179 0.998724
2180 0.998725
2181 0.998725
2182 0.998726
2183 0.998727
2184 0.998727
2185 0.998728
2186 0.998729
2187 0.998729
2188 0.998730
2189 0.998731
2190 0.998731
2191 0.998732
2192 0.998733
2193 0.998734
2194 0.998734
2195 0.998735
2196 0.998736
2197 0.998736
2198 0.998737
2199 0.998738
2200 0.998738
2201 0.998739
2202 0.998740
2203 0.998740
2204 0.998741
2205 0.998742
2206 0.998742
2207 0.998743
2208 0.998744
2209 0.998744
2210 0.998745
2211 0.998746
2212 0.998746
2213 0.998747
2214 0.998748
2215 0.998748
2216 0.998749
2217 0.998750
2218 0.998750
2219 0.998751
2220 0.998752
2221 0.998752
2222 0.998753
2223 0.998754
2224 0.998754
2225 0.998755
2226 0.998756
2227 0.998756
2228 0.998757
2229 0.998758
2230 0.998758
2231 0.998759
2232 0.998760
2233 0.998760
2234 0.998761
2235 0.998762
2236 0.998762
2237 0.998763
2238 0.998764
2239 0.998764
2240 0.998765
2241 0.998766
2242 0.998766
2243 0.998767
2244 0.998768
2245 0.998768
2246 0.998769
2247 0.998770
2248 0.998770
2249 0.998771
2250 0.998772
2251 0.998772
2252 0.998773
2253 0.998774
2254 0.998774
2255 0.998775
2256 0.998775
2257 0.998776
2258 0.998777
2259 0.998777
2260 0.998778
2261 0.998779
2262 0.998779
2263 0.998780
2264 0.998781
2265 0.998781
2266 0.998782
2267 0.998783
2268 0.998783
2269 0.998784
2270 0.998785
2271 0.998785
2272 0.998786
2273 0.998787
2274 0.998787
2275 0.998788
2276 0.998788
2277 0.998789
2278 0.998790
2279 0.998790
2280 0.998791
2281 0.998792
2282 0.998792
2283 0.998793
2284 0.998794
2285 0.998794
2286 0.998795
2287 0.998796
2288 0.998796
2289 0.998797
2290 0.998797
2291 0.998798
2292 0.998799
2293 0.998799
2294 0.998800
2295 0.998801
2296 0.998801
2297 0.998802
2298 0.998803
2299 0.998803
2300 0.998804
2301 0.998804
2302 0.998805
2303 0.998806
2304 0.998806
2305 0.998807
2306 0.998808
2307 0.998808
2308 0.998809
2309 0.998809
2310 0.998810
2311 0.998811
2312 0.998811
2313 0.998812
2314 0.998813
2315 0.998813
2316 0.998814
2317 0.998815
2318 0.998815
2319 0.998816
2320 0.998816
2321 0.998817
2322 0.998818
2323 0.998818
2324 0.998819
2325 0.998820
2326 0.998820
2327 0.998821
2328 0.998821
2329 0.998822
2330 0.998823
2331 0.998823
2332 0.998824
2333 0.998824
2334 0.998825
2335 0.998826
2336 0.998826
2337 0.998827
2338 0.998828
2339 0.998828
2340 0.998829
2341 0.998829
2342 0.998830
2343 0.998831
2344 0.998831
2345 0.998832
2346 0.998832
2347 0.998833
2348 0.998834
2349 0.998834
2350 0.998835
2351 0.998835
2352 0.998836
2353 0.998837
2354 0.998837
2355 0.998838
2356 0.998839
2357 0.998839
2358 0.998840
2359 0.998840
2360 0.998841
2361 0.998842
2362 0.998842
2363 0.998843
2364 0.998843
2365 0.998844
2366 0.998845
2367 0.998845
2368 0.998846
2369 0.998846
2370 0.998847
2371 0.998848
2372 0.998848
2373 0.998849
2374 0.998849
2375 0.998850
2376 0.998851
2377 0.998851
2378 0.998852
2379 0.998852
2380 0.998853
2381 0.998853
2382 0.998854
2383 0.998855
2384 0.998855
2385 0.998856
2386 0.998856
2387 0.998857
2388 0.998858
2389 0.998858
2390 0.998859
2391 0.998859
2392 0.998860
2393 0.998861
2394 0.998861
2395 0.998862
2396 0.998862
2397 0.998863
2398 0.998863
2399 0.998864
2400 0.998865
2401 0.998865
2402 0.998866
2403 0.998866
2404 0.998867
2405 0.998868
2406 0.998868
2407 0.998869
2408 0.998869
2409 0.998870
2410 0.998870
2411 0.998871
2412 0.998872
2413 0.998872
2414 0.998873
2415 0.998873
2416 0.998874
2417 0.998874
2418 0.998875
2419 0.998876
2420 0.998876
2421 0.998877
2422 0.998877
2423 0.998878
2424 0.998878
2425 0.998879
2426 0.998880
2427 0.998880
2428 0.998881
2429 0.998881
2430 0.998882
2431 0.998882
2432 0.998883
2433 0.998883
2434 0.998884
2435 0.998885
2436 0.998885
2437 0.998886
2438 0.998886
2439 0.998887
2440 0.998887
2441 0.998888
2442 0.998889
2443 0.998889
2444 0.998890
2445 0.998890
2446 0.998891
2447 0.998891
2448 0.998892
2449 0.998892
2450 0.998893
2451 0.998893
2452 0.998894
2453 0.998895
2454 0.998895
2455 0.998896
2456 0.998896
2457 0.998897
2458 0.998897
2459 0.998898
2460 0.998898
2461 0.998899
2462 0.998900
2463 0.998900
2464 0.998901
2465 0.998901
2466 0.998902
2467 0.998902
2468 0.998903
2469 0.998903
2470 0.998904
2471 0.998904
2472 0.998905
2473 0.998905
2474 0.998906
2475 0.998907
2476 0.998907
2477 0.998908
2478 0.998908
2479 0.998909
2480 0.998909
2481 0.998910
2482 0.998910
2483 0.998911
2484 0.998911
2485 0.998912
2486 0.998912
2487 0.998913
2488 0.998913
2489 0.998914
2490 0.998914
2491 0.998915
2492 0.998916
2493 0.998916
2494 0.998917
2495 0.998917
2496 0.998918
2497 0.998918
2498 0.998919
2499 0.998919
2500 0.998920
2501 0.998920
2502 0.998921
2503 0.998921
2504 0.998922
2505 0.998922
2506 0.998923
2507 0.998923
2508 0.998924
2509 0.998924
2510 0.998925
2511 0.998925
2512 0.998926
2513 0.998926
2514 0.998927
2515 0.998927
2516 0.998928
2517 0.998928
2518 0.998929
2519 0.998929
2520 0.998930
2521 0.998930
2522 0.998931
2523 0.998931
2524 0.998932
2525 0.998933
2526 0.998933
2527 0.998934
2528 0.998934
2529 0.998935
2530 0.998935
2531 0.998936
2532 0.998936
2533 0.998937
2534 0.998937
2535 0.998938
2536 0.998938
2537 0.998939
2538 0.998939
2539 0.998939
2540 0.998940
2541 0.998940
2542 0.998941
2543 0.998941
2544 0.998942
2545 0.998942
2546 0.998943
2547 0.998943
2548 0.998944
2549 0.998944
2550 0.998945
2551 0.998945
2552 0.998946
2553 0.998946
2554 0.998947
2555 0.998947
2556 0.998948
2557 0.998948
2558 0.998949
2559 0.998949
2560 0.998950
2561 0.998950
2562 0.998951
2563 0.998951
2564 0.998952
2565 0.998952
2566 0.998953
2567 0.998953
2568 0.998954
2569 0.998954
2570 0.998955
2571 0.998955
2572 0.998955
2573 0.998956
2574 0.998956
2575 0.998957
2576 0.998957
2577 0.998958
2578 0.998958
2579 0.998959
2580 0.998959
2581 0.998960
2582 0.998960
2583 0.998961
2584 0.998961
2585 0.998962
2586 0.998962
2587 0.998963
2588 0.998963
2589 0.998963
2590 0.998964
2591 0.998964
2592 0.998965
2593 0.998965
2594 0.998966
2595 0.998966
2596 0.998967
2597 0.998967
2598 0.998968
2599 0.998968
2600 0.998968
2601 0.998969
2602 0.998969
2603 0.998970
2604 0.998970
2605 0.998971
2606 0.998971
2607 0.998972
2608 0.998972
2609 0.998973
2610 0.998973
2611 0.998973
2612 0.998974
2613 0.998974
2614 0.998975
2615 0.998975
2616 0.998976
2617 0.998976
2618 0.998977
2619 0.998977
2620 0.998977
2621 0.998978
2622 0.998978
2623 0.998979
2624 0.998979
2625 0.998980
2626 0.998980
2627 0.998981
2628 0.998981
2629 0.998981
2630 0.998982
2631 0.998982
2632 0.998983
2633 0.998983
2634 0.998984
2635 0.998984
2636 0.998984
2637 0.998985
2638 0.998985
2639 0.998986
2640 0.998986
2641 0.998987
2642 0.998987
2643 0.998988
2644 0.998988
2645 0.998988
2646 0.998989
2647 0.998989
2648 0.998990
2649 0.998990
2650 0.998990
2651 0.998991
2652 0.998991
2653 0.998992
2654 0.998992
2655 0.998993
2656 0.998993
2657 0.998993
2658 0.998994
2659 0.998994
2660 0.998995
2661 0.998995
2662 0.998996
2663 0.998996
2664 0.998996
2665 0.998997
2666 0.998997
2667 0.998998
2668 0.998998
2669 0.998998
2670 0.998999
2671 0.998999
2672 0.999000
2673 0.999000
2674 0.999000
2675 0.999001
2676 0.999001
2677 0.999002
2678 0.999002
2679 0.999003
2680 0.999003
2681 0.999003
2682 0.999004
2683 0.999004
2684 0.999005
2685 0.999005
2686 0.999005
2687 0.999006
2688 0.999006
2689 0.999007
2690 0.999007
2691 0.999007
2692 0.999008
2693 0.999008
2694 0.999009
2695 0.999009
2696 0.999009
2697 0.999010
2698 0.999010
2699 0.999010
2700 0.999011
2701 0.999011
2702 0.999012
2703 0.999012
2704 0.999012
2705 0.999013
2706 0.999013
2707 0.999014
2708 0.999014
2709 0.999014
2710 0.999015
2711 0.999015
2712 0.999016
2713 0.999016
2714 0.999016
2715 0.999017
2716 0.999017
2717 0.999017
2718 0.999018
2719 0.999018
2720 0.999019
2721 0.999019
2722 0.999019
2723 0.999020
2724 0.999020
2725 0.999021
2726 0.999021
2727 0.999021
2728 0.999022
2729 0.999022
2730 0.999022
2731 0.999023
2732 0.999023
2733 0.999023
2734 0.999024
2735 0.999024
2736 0.999025
2737 0.999025
2738 0.999025
2739 0.999026
2740 0.999026
2741 0.999026
2742 0.999027
2743 0.999027
2744 0.999028
2745 0.999028
2746 0.999028
2747 0.999029
2748 0.999029
2749 0.999029
2750 0.999030
2751 0.999030
2752 0.999030
2753 0.999031
2754 0.999031
2755 0.999032
2756 0.999032
2757 0.999032
2758 0.999033
2759 0.999033
2760 0.999033
2761 0.999034
2762 0.999034
2763 0.999034
2764 0.999035
2765 0.999035
2766 0.999035
2767 0.999036
2768 0.999036
2769 0.999037
2770 0.999037
2771 0.999037
2772 0.999038
2773 0.999038
2774 0.999038
2775 0.999039
2776 0.999039
2777 0.999039
2778 0.999040
2779 0.999040
2780 0.999040
2781 0.999041
2782 0.999041
2783 0.999041
2784 0.999042
2785 0.999042
2786 0.999042
2787 0.999043
2788 0.999043
2789 0.999043
2790 0.999044
2791 0.999044
2792 0.999044
2793 0.999045
2794 0.999045
2795 0.999045
2796 0.999046
2797 0.999046
2798 0.999046
2799 0.999047
2800 0.999047
2801 0.999047
2802 0.999048
2803 0.999048
2804 0.999048
2805 0.999049
2806 0.999049
2807 0.999049
2808 0.999050
2809 0.999050
2810 0.999050
2811 0.999051
2812 0.999051
2813 0.999051
2814 0.999052
2815 0.999052
2816 0.999052
2817 0.999053
2818 0.999053
2819 0.999053
2820 0.999054
2821 0.999054
2822 0.999054
2823 0.999055
2824 0.999055
2825 0.999055
2826 0.999056
2827 0.999056
2828 0.999056
2829 0.999056
2830 0.999057
2831 0.999057
2832 0.999057
2833 0.999058
2834 0.999058
2835 0.999058
2836 0.999059
2837 0.999059
2838 0.999059
2839 0.999060
2840 0.999060
2841 0.999060
2842 0.999061
2843 0.999061
2844 0.999061
2845 0.999061
2846 0.999062
2847 0.999062
2848 0.999062
2849 0.999063
2850 0.999063
2851 0.999063
2852 0.999064
2853 0.999064
2854 0.999064
2855 0.999065
2856 0.999065
2857 0.999065
2858 0.999065
2859 0.999066
2860 0.999066
2861 0.999066
2862 0.999067
2863 0.999067
2864 0.999067
2865 0.999068
2866 0.999068
2867 0.999068
2868 0.999068
2869 0.999069
2870 0.999069
2871 0.999069
2872 0.999070
2873 0.999070
2874 0.999070
2875 0.999070
2876 0.999071
2877 0.999071
2878 0.999071
2879 0.999072
2880 0.999072
2881 0.999072
2882 0.999072
2883 0.999073
2884 0.999073
2885 0.999073
2886 0.999074
2887 0.999074
2888 0.999074
2889 0.999074
2890 0.999075
2891 0.999075
2892 0.999075
2893 0.999076
2894 0.999076
2895 0.999076
2896 0.999076
2897 0.999077
2898 0.999077
2899 0.999077
2900 0.999078
2901 0.999078
2902 0.999078
2903 0.999078
2904 0.999079
2905 0.999079
2906 0.999079
2907 0.999080
2908 0.999080
2909 0.999080
2910 0.999080
2911 0.999081
2912 0.999081
2913 0.999081
2914 0.999081
2915 0.999082
2916 0.999082
2917 0.999082
2918 0.999083
2919 0.999083
2920 0.999083
2921 0.999083
2922 0.999084
2923 0.999084
2924 0.999084
2925 0.999084
2926 0.999085
2927 0.999085
2928 0.999085
2929 0.999085
2930 0.999086
2931 0.999086
2932 0.999086
2933 0.999086
2934 0.999087
2935 0.999087
2936 0.999087
2937 0.999088
2938 0.999088
2939 0.999088
2940 0.999088
2941 0.999089
2942 0.999089
2943 0.999089
2944 0.999089
2945 0.999090
2946 0.999090
2947 0.999090
2948 0.999090
2949 0.999091
2950 0.999091
2951 0.999091
2952 0.999091
2953 0.999092
2954 0.999092
2955 0.999092
2956 0.999092
2957 0.999093
2958 0.999093
2959 0.999093
2960 0.999093
2961 0.999094
2962 0.999094
2963 0.999094
2964 0.999094
2965 0.999095
2966 0.999095
2967 0.999095
2968 0.999095
2969 0.999096
2970 0.999096
2971 0.999096
2972 0.999096
2973 0.999097
2974 0.999097
2975 0.999097
2976 0.999097
2977 0.999098
2978 0.999098
2979 0.999098
2980 0.999098
2981 0.999098
2982 0.999099
2983 0.999099
2984 0.999099
2985 0.999099
2986 0.999100
2987 0.999100
2988 0.999100
2989 0.999100
2990 0.999101
2991 0.999101
2992 0.999101
2993 0.999101
2994 0.999102
2995 0.999102
2996 0.999102
2997 0.999102
2998 0.999102
2999 0.999103
3000 0.999103
3001 0.999103
3002 0.999103
3003 0.999104
3004 0.999104
3005 0.999104
3006 0.999104
3007 0.999105
3008 0.999105
3009 0.999105
3010 0.999105
3011 0.999105
3012 0.999106
3013 0.999106
3014 0.999106
3015 0.999106
3016 0.999107
3017 0.999107
3018 0.999107
3019 0.999107
3020 0.999107
3021 0.999108
3022 0.999108
3023 0.999108
3024 0.999108
3025 0.999109
3026 0.999109
3027 0.999109
3028 0.999109
3029 0.999109
3030 0.999110
3031 0.999110
3032 0.999110
3033 0.999110
3034 0.999110
3035 0.999111
3036 0.999111
3037 0.999111
3038 0.999111
3039 0.999112
3040 0.999112
3041 0.999112
3042 0.999112
3043 0.999112
3044 0.999113
3045 0.999113
3046 0.999113
3047 0.999113
3048 0.999113
3049 0.999114
3050 0.999114
3051 0.999114
3052 0.999114
3053 0.999115
3054 0.999115
3055 0.999115
3056 0.999115
3057 0.999115
3058 0.999116
3059 0.999116
3060 0.999116
3061 0.999116
3062 0.999116
3063 0.999117
3064 0.999117
3065 0.999117
3066 0.999117
3067 0.999117
3068 0.999118
3069 0.999118
3070 0.999118
3071 0.999118
3072 0.999118
3073 0.999119
3074 0.999119
3075 0.999119
3076 0.999119
3077 0.999119
3078 0.999120
3079 0.999120
3080 0.999120
3081 0.999120
3082 0.999120
3083 0.999121
3084 0.999121
3085 0.999121
3086 0.999121
3087 0.999121
3088 0.999122
3089 0.999122
3090 0.999122
3091 0.999122
3092 0.999122
3093 0.999122
3094 0.999123
3095 0.999123
3096 0.999123
3097 0.999123
3098 0.999123
3099 0.999124
3100 0.999124
3101 0.999124
3102 0.999124
3103 0.999124
3104 0.999125
3105 0.999125
3106 0.999125
3107 0.999125
3108 0.999125
3109 0.999125
3110 0.999126
3111 0.999126
3112 0.999126
3113 0.999126
3114 0.999126
3115 0.999127
3116 0.999127
3117 0.999127
3118 0.999127
3119 0.999127
3120 0.999128
3121 0.999128
3122 0.999128
3123 0.999128
3124 0.999128
3125 0.999128
3126 0.999129
3127 0.999129
3128 0.999129
3129 0.999129
3130 0.999129
3131 0.999129
3132 0.999130
3133 0.999130
3134 0.999130
3135 0.999130
3136 0.999130
3137 0.999131
3138 0.999131
3139 0.999131
3140 0.999131
3141 0.999131
3142 0.999131
3143 0.999132
3144 0.999132
3145 0.999132
3146 0.999132
3147 0.999132
3148 0.999132
3149 0.999133
3150 0.999133
3151 0.999133
3152 0.999133
3153 0.999133
3154 0.999133
3155 0.999134
3156 0.999134
3157 0.999134
3158 0.999134
3159 0.999134
3160 0.999134
3161 0.999135
3162 0.999135
3163 0.999135
3164 0.999135
3165 0.999135
3166 0.999135
3167 0.999136
3168 0.999136
3169 0.999136
3170 0.999136
3171 0.999136
3172 0.999136
3173 0.999137
3174 0.999137
3175 0.999137
3176 0.999137
3177 0.999137
3178 0.999137
3179 0.999138
3180 0.999138
3181 0.999138
3182 0.999138
3183 0.999138
3184 0.999138
3185 0.999139
3186 0.999139
3187 0.999139
3188 0.999139
3189 0.999139
3190 0.999139
3191 0.999139
3192 0.999140
3193 0.999140
3194 0.999140
3195 0.999140
3196 0.999140
3197 0.999140
3198 0.999141
3199 0.999141
3200 0.999141
3201 0.999141
3202 0.999141
3203 0.999141
3204 0.999141
3205 0.999142
3206 0.999142
3207 0.999142
3208 0.999142
3209 0.999142
3210 0.999142
3211 0.999143
3212 0.999143
3213 0.999143
3214 0.999143
3215 0.999143
3216 0.999143
3217 0.999143
3218 0.999144
3219 0.999144
3220 0.999144
3221 0.999144
3222 0.999144
3223 0.999144
3224 0.999144
3225 0.999145
3226 0.999145
3227 0.999145
3228 0.999145
3229 0.999145
3230 0.999145
3231 0.999145
3232 0.999146
3233 0.999146
3234 0.999146
3235 0.999146
3236 0.999146
3237 0.999146
3238 0.999146
3239 0.999147
3240 0.999147
3241 0.999147
3242 0.999147
3243 0.999147
3244 0.999147
3245 0.999147
3246 0.999148
3247 0.999148
3248 0.999148
3249 0.999148
3250 0.999148
3251 0.999148
3252 0.999148
3253 0.999149
3254 0.999149
3255 0.999149
3256 0.999149
3257 0.999149
3258 0.999149
3259 0.999149
3260 0.999149
3261 0.999150
3262 0.999150
3263 0.999150
3264 0.999150
3265 0.999150
3266 0.999150
3267 0.999150
3268 0.999151
3269 0.999151
3270 0.999151
3271 0.999151
3272 0.999151
3273 0.999151
3274 0.999151
3275 0.999151
3276 0.999152
3277 0.999152
3278 0.999152
3279 0.999152
3280 0.999152
3281 0.999152
3282 0.999152
3283 0.999153
3284 0.999153
3285 0.999153
3286 0.999153
3287 0.999153
3288 0.999153
3289 0.999153
3290 0.999153
3291 0.999154
3292 0.999154
3293 0.999154
3294 0.999154
3295 0.999154
3296 0.999154
3297 0.999154
3298 0.999154
3299 0.999155
3300 0.999155
3301 0.999155
3302 0.999155
3303 0.999155
3304 0.999155
3305 0.999155
3306 0.999155
3307 0.999156
3308 0.999156
3309 0.999156
3310 0.999156
3311 0.999156
3312 0.999156
3313 0.999156
3314 0.999156
3315 0.999156
3316 0.999157
3317 0.999157
3318 0.999157
3319 0.999157
3320 0.999157
3321 0.999157
3322 0.999157
3323 0.999157
3324 0.999158
3325 0.999158
3326 0.999158
3327 0.999158
3328 0.999158
3329 0.999158
3330 0.999158
3331 0.999158
3332 0.999158
3333 0.999159
3334 0.999159
3335 0.999159
3336 0.999159
3337 0.999159
3338 0.999159
3339 0.999159
3340 0.999159
3341 0.999160
3342 0.999160
3343 0.999160
3344 0.999160
3345 0.999160
3346 0.999160
3347 0.999160
3348 0.999160
3349 0.999160
3350 0.999161
3351 0.999161
3352 0.999161
3353 0.999161
3354 0.999161
3355 0.999161
3356 0.999161
3357 0.999161
3358 0.999161
3359 0.999162
3360 0.999162
3361 0.999162
3362 0.999162
3363 0.999162
3364 0.999162
3365 0.999162
3366 0.999162
3367 0.999162
3368 0.999162
3369 0.999163
3370 0.999163
3371 0.999163
3372 0.999163
3373 0.999163
3374 0.999163
3375 0.999163
3376 0.999163
3377 0.999163
3378 0.999164
3379 0.999164
3380 0.999164
3381 0.999164
3382 0.999164
3383 0.999164
3384 0.999164
3385 0.999164
3386 0.999164
3387 0.999164
3388 0.999165
3389 0.999165
3390 0.999165
3391 0.999165
3392 0.999165
3393 0.999165
3394 0.999165
3395 0.999165
3396 0.999165
3397 0.999166
3398 0.999166
3399 0.999166
3400 0.999166
3401 0.999166
3402 0.999166
3403 0.999166
3404 0.999166
3405 0.999166
3406 0.999166
3407 0.999166
3408 0.999167
3409 0.999167
3410 0.999167
3411 0.999167
3412 0.999167
3413 0.999167
3414 0.999167
3415 0.999167
3416 0.999167
3417 0.999167
3418 0.999168
3419 0.999168
3420 0.999168
3421 0.999168
3422 0.999168
3423 0.999168
3424 0.999168
3425 0.999168
3426 0.999168
3427 0.999168
3428 0.999169
3429 0.999169
3430 0.999169
3431 0.999169
3432 0.999169
3433 0.999169
3434 0.999169
3435 0.999169
3436 0.999169
3437 0.999169
3438 0.999169
3439 0.999170
3440 0.999170
3441 0.999170
3442 0.999170
3443 0.999170
3444 0.999170
3445 0.999170
3446 0.999170
3447 0.999170
3448 0.999170
3449 0.999170
3450 0.999171
3451 0.999171
3452 0.999171
3453 0.999171
3454 0.999171
3455 0.999171
3456 0.999171
3457 0.999171
3458 0.999171
3459 0.999171
3460 0.999171
3461 0.999171
3462 0.999172
3463 0.999172
3464 0.999172
3465 0.999172
3466 0.999172
3467 0.999172
3468 0.999172
3469 0.999172
3470 0.999172
3471 0.999172
3472 0.999172
3473 0.999173
3474 0.999173
3475 0.999173
3476 0.999173
3477 0.999173
3478 0.999173
3479 0.999173
3480 0.999173
3481 0.999173
3482 0.999173
3483 0.999173
3484 0.999173
3485 0.999174
3486 0.999174
3487 0.999174
3488 0.999174
3489 0.999174
3490 0.999174
3491 0.999174
3492 0.999174
3493 0.999174
3494 0.999174
3495 0.999174
3496 0.999174
3497 0.999175
3498 0.999175
3499 0.999175
3500 0.999175
3501 0.999175
3502 0.999175
3503 0.999175
3504 0.999175
3505 0.999175
3506 0.999175
3507 0.999175
3508 0.999175
3509 0.999175
3510 0.999176
3511 0.999176
3512 0.999176
3513 0.999176
3514 0.999176
3515 0.999176
3516 0.999176
3517 0.999176
3518 0.999176
3519 0.999176
3520 0.999176
3521 0.999176
3522 0.999176
3523 0.999177
3524 0.999177
3525 0.999177
3526 0.999177
3527 0.999177
3528 0.999177
3529 0.999177
3530 0.999177
3531 0.999177
3532 0.999177
3533 0.999177
3534 0.999177
3535 0.999177
3536 0.999178
3537 0.999178
3538 0.999178
3539 0.999178
3540 0.999178
3541 0.999178
3542 0.999178
3543 0.999178
3544 0.999178
3545 0.999178
3546 0.999178
3547 0.999178
3548 0.999178
3549 0.999178
3550 0.999179
3551 0.999179
3552 0.999179
3553 0.999179
3554 0.999179
3555 0.999179
3556 0.999179
3557 0.999179
3558 0.999179
3559 0.999179
3560 0.999179
3561 0.999179
3562 0.999179
3563 0.999179
3564 0.999180
3565 0.999180
3566 0.999180
3567 0.999180
3568 0.999180
3569 0.999180
3570 0.999180
3571 0.999180
3572 0.999180
3573 0.999180
3574 0.999180
3575 0.999180
3576 0.999180
3577 0.999180
3578 0.999180
3579 0.999181
3580 0.999181
3581 0.999181
3582 0.999181
3583 0.999181
3584 0.999181
3585 0.999181
3586 0.999181
3587 0.999181
3588 0.999181
3589 0.999181
3590 0.999181
3591 0.999181
3592 0.999181
3593 0.999181
3594 0.999182
3595 0.999182
3596 0.999182
3597 0.999182
3598 0.999182
3599 0.999182
3600 0.999182
3601 0.999182
3602 0.999182
3603 0.999182
3604 0.999182
3605 0.999182
3606 0.999182
3607 0.999182
3608 0.999182
3609 0.999182
3610 0.999183
3611 0.999183
3612 0.999183
3613 0.999183
3614 0.999183
3615 0.999183
3616 0.999183
3617 0.999183
3618 0.999183
3619 0.999183
3620 0.999183
3621 0.999183
3622 0.999183
3623 0.999183
3624 0.999183
3625 0.999183
3626 0.999184
3627 0.999184
3628 0.999184
3629 0.999184
3630 0.999184
3631 0.999184
3632 0.999184
3633 0.999184
3634 0.999184
3635 0.999184
3636 0.999184
3637 0.999184
3638 0.999184
3639 0.999184
3640 0.999184
3641 0.999184
3642 0.999184
3643 0.999185
3644 0.999185
3645 0.999185
3646 0.999185
3647 0.999185
3648 0.999185
3649 0.999185
3650 0.999185
3651 0.999185
3652 0.999185
3653 0.999185
3654 0.999185
3655 0.999185
3656 0.999185
3657 0.999185
3658 0.999185
3659 0.999185
3660 0.999185
3661 0.999186
3662 0.999186
3663 0.999186
3664 0.999186
3665 0.999186
3666 0.999186
3667 0.999186
3668 0.999186
3669 0.999186
3670 0.999186
3671 0.999186
3672 0.999186
3673 0.999186
3674 0.999186
3675 0.999186
3676 0.999186
3677 0.999186
3678 0.999186
3679 0.999187
3680 0.999187
3681 0.999187
3682 0.999187
3683 0.999187
3684 0.999187
3685 0.999187
3686 0.999187
3687 0.999187
3688 0.999187
3689 0.999187
3690 0.999187
3691 0.999187
3692 0.999187
3693 0.999187
3694 0.999187
3695 0.999187
3696 0.999187
3697 0.999187
3698 0.999188
3699 0.999188
3700 0.999188
3701 0.999188
3702 0.999188
3703 0.999188
3704 0.999188
3705 0.999188
3706 0.999188
3707 0.999188
3708 0.999188
3709 0.999188
3710 0.999188
3711 0.999188
3712 0.999188
3713 0.999188
3714 0.999188
3715 0.999188
3716 0.999188
3717 0.999188
3718 0.999188
3719 0.999189
3720 0.999189
3721 0.999189
3722 0.999189
3723 0.999189
3724 0.999189
3725 0.999189
3726 0.999189
3727 0.999189
3728 0.999189
3729 0.999189
3730 0.999189
3731 0.999189
3732 0.999189
3733 0.999189
3734 0.999189
3735 0.999189
3736 0.999189
3737 0.999189
3738 0.999189
3739 0.999189
3740 0.999190
3741 0.999190
3742 0.999190
3743 0.999190
3744 0.999190
3745 0.999190
3746 0.999190
3747 0.999190
3748 0.999190
3749 0.999190
3750 0.999190
3751 0.999190
3752 0.999190
3753 0.999190
3754 0.999190
3755 0.999190
3756 0.999190
3757 0.999190
3758 0.999190
3759 0.999190
3760 0.999190
3761 0.999190
3762 0.999191
3763 0.999191
3764 0.999191
3765 0.999191
3766 0.999191
3767 0.999191
3768 0.999191
3769 0.999191
3770 0.999191
3771 0.999191
3772 0.999191
3773 0.999191
3774 0.999191
3775 0.999191
3776 0.999191
3777 0.999191
3778 0.999191
3779 0.999191
3780 0.999191
3781 0.999191
3782 0.999191
3783 0.999191
3784 0.999191
3785 0.999192
3786 0.999192
3787 0.999192
3788 0.999192
3789 0.999192
3790 0.999192
3791 0.999192
3792 0.999192
3793 0.999192
3794 0.999192
3795 0.999192
3796 0.999192
3797 0.999192
3798 0.999192
3799 0.999192
3800 0.999192
3801 0.999192
3802 0.999192
3803 0.999192
3804 0.999192
3805 0.999192
3806 0.999192
3807 0.999192
3808 0.999192
3809 0.999193
3810 0.999193
3811 0.999193
3812 0.999193
3813 0.999193
3814 0.999193
3815 0.999193
3816 0.999193
3817 0.999193
3818 0.999193
3819 0.999193
3820 0.999193
3821 0.999193
3822 0.999193
3823 0.999193
3824 0.999193
3825 0.999193
3826 0.999193
3827 0.999193
3828 0.999193
3829 0.999193
3830 0.999193
3831 0.999193
3832 0.999193
3833 0.999193
3834 0.999193
3835 0.999193
3836 0.999194
3837 0.999194
3838 0.999194
3839 0.999194
3840 0.999194
3841 0.999194
3842 0.999194
3843 0.999194
3844 0.999194
3845 0.999194
3846 0.999194
3847 0.999194
3848 0.999194
3849 0.999194
3850 0.999194
3851 0.999194
3852 0.999194
3853 0.999194
3854 0.999194
3855 0.999194
3856 0.999194
3857 0.999194
3858 0.999194
3859 0.999194
3860 0.999194
3861 0.999194
3862 0.999194
3863 0.999195
3864 0.999195
3865 0.999195
3866 0.999195
3867 0.999195
3868 0.999195
3869 0.999195
3870 0.999195
3871 0.999195
3872 0.999195
3873 0.999195
3874 0.999195
3875 0.999195
3876 0.999195
3877 0.999195
3878 0.999195
3879 0.999195
3880 0.999195
3881 0.999195
3882 0.999195
3883 0.999195
3884 0.999195
3885 0.999195
3886 0.999195
3887 0.999195
3888 0.999195
3889 0.999195
3890 0.999195
3891 0.999195
3892 0.999195
3893 0.999196
3894 0.999196
3895 0.999196
3896 0.999196
3897 0.999196
3898 0.999196
3899 0.999196
3900 0.999196
3901 0.999196
3902 0.999196
3903 0.999196
3904 0.999196
3905 0.999196
3906 0.999196
3907 0.999196
3908 0.999196
3909 0.999196
3910 0.999196
3911 0.999196
3912 0.999196
3913 0.999196
3914 0.999196
3915 0.999196
3916 0.999196
3917 0.999196
3918 0.999196
3919 0.999196
3920 0.999196
3921 0.999196
3922 0.999196
3923 0.999196
3924 0.999196
3925 0.999197
3926 0.999197
3927 0.999197
3928 0.999197
3929 0.999197
3930 0.999197
3931 0.999197
3932 0.999197
3933 0.999197
3934 0.999197
3935 0.999197
3936 0.999197
3937 0.999197
3938 0.999197
3939 0.999197
3940 0.999197
3941 0.999197
3942 0.999197
3943 0.999197
3944 0.999197
3945 0.999197
3946 0.999197
3947 0.999197
3948 0.999197
3949 0.999197
3950 0.999197
3951 0.999197
3952 0.999197
3953 0.999197
3954 0.999197
3955 0.999197
3956 0.999197
3957 0.999197
3958 0.999197
3959 0.999198
3960 0.999198
3961 0.999198
3962 0.999198
3963 0.999198
3964 0.999198
3965 0.999198
3966 0.999198
3967 0.999198
3968 0.999198
3969 0.999198
3970 0.999198
3971 0.999198
3972 0.999198
3973 0.999198
3974 0.999198
3975 0.999198
3976 0.999198
3977 0.999198
3978 0.999198
3979 0.999198
3980 0.999198
3981 0.999198
3982 0.999198
3983 0.999198
3984 0.999198
3985 0.999198
3986 0.999198
3987 0.999198
3988 0.999198
3989 0.999198
3990 0.999198
3991 0.999198
3992 0.999198
3993 0.999198
3994 0.999198
3995 0.999198
3996 0.999199
3997 0.999199
3998 0.999199
3999 0.999199
4000 0.999199
4001 0.999199
4002 0.999199
4003 0.999199
4004 0.999199
4005 0.999199
4006 0.999199
4007 0.999199
4008 0.999199
4009 0.999199
4010 0.999199
4011 0.999199
4012 0.999199
4013 0.999199
4014 0.999199
4015 0.999199
4016 0.999199
4017 0.999199
4018 0.999199
4019 0.999199
4020 0.999199
4021 0.999199
4022 0.999199
4023 0.999199
4024 0.999199
4025 0.999199
4026 0.999199
4027 0.999199
4028 0.999199
4029 0.999199
4030 0.999199
4031 0.999199
4032 0.999199
4033 0.999199
4034 0.999199
4035 0.999199
4036 0.999199
4037 0.999200
4038 0.999200
4039 0.999200
4040 0.999200
4041 0.999200
4042 0.999200
4043 0.999200
4044 0.999200
4045 0.999200
4046 0.999200
4047 0.999200
4048 0.999200
4049 0.999200
4050 0.999200
4051 0.999200
4052 0.999200
4053 0.999200
4054 0.999200
4055 0.999200
4056 0.999200
4057 0.999200
4058 0.999200
4059 0.999200
4060 0.999200
4061 0.999200
4062 0.999200
4063 0.999200
4064 0.999200
4065 0.999200
4066 0.999200
4067 0.999200
4068 0.999200
4069 0.999200
4070 0.999200
4071 0.999200
4072 0.999200
4073 0.999200
4074 0.999200
4075 0.999200
4076 0.999200
4077 0.999200
4078 0.999200
4079 0.999200
4080 0.999200
4081 0.999200
4082 0.999200
4083 0.999201
4084 0.999201
4085 0.999201
4086 0.999201
4087 0.999201
4088 0.999201
4089 0.999201
4090 0.999201
4091 0.999201
4092 0.999201
4093 0.999201
4094 0.999201
4095 0.999201
4096 0.999201
4097 0.999201
4098 0.999201
4099 0.999201
4100 0.999201
4101 0.999201
4102 0.999201
4103 0.999201
4104 0.999201
4105 0.999201
4106 0.999201
4107 0.999201
4108 0.999201
4109 0.999201
4110 0.999201
4111 0.999201
4112 0.999201
4113 0.999201
4114 0.999201
4115 0.999201
4116 0.999201
4117 0.999201
4118 0.999201
4119 0.999201
4120 0.999201
4121 0.999201
4122 0.999201
4123 0.999201
4124 0.999201
4125 0.999201
4126 0.999201
4127 0.999201
4128 0.999201
4129 0.999201
4130 0.999201
4131 0.999201
4132 0.999201
4133 0.999202
4134 0.999202
4135 0.999202
4136 0.999202
4137 0.999202
4138 0.999202
4139 0.999202
4140 0.999202
4141 0.999202
4142 0.999202
4143 0.999202
4144 0.999202
4145 0.999202
4146 0.999202
4147 0.999202
4148 0.999202
4149 0.999202
4150 0.999202
4151 0.999202
4152 0.999202
4153 0.999202
4154 0.999202
4155 0.999202
4156 0.999202
4157 0.999202
4158 0.999202
4159 0.999202
4160 0.999202
4161 0.999202
4162 0.999202
4163 0.999202
4164 0.999202
4165 0.999202
4166 0.999202
4167 0.999202
4168 0.999202
4169 0.999202
4170 0.999202
4171 0.999202
4172 0.999202
4173 0.999202
4174 0.999202
4175 0.999202
4176 0.999202
4177 0.999202
4178 0.999202
4179 0.999202
4180 0.999202
4181 0.999202
4182 0.999202
4183 0.999202
4184 0.999202
4185 0.999202
4186 0.999202
4187 0.999202
4188 0.999202
4189 0.999202
4190 0.999202
4191 0.999203
4192 0.999203
4193 0.999203
4194 0.999203
4195 0.999203
4196 0.999203
4197 0.999203
4198 0.999203
4199 0.999203
4200 0.999203
4201 0.999203
4202 0.999203
4203 0.999203
4204 0.999203
4205 0.999203
4206 0.999203
4207 0.999203
4208 0.999203
4209 0.999203
4210 0.999203
4211 0.999203
4212 0.999203
4213 0.999203
4214 0.999203
4215 0.999203
4216 0.999203
4217 0.999203
4218 0.999203
4219 0.999203
4220 0.999203
4221 0.999203
4222 0.999203
4223 0.999203
4224 0.999203
4225 0.999203
4226 0.999203
4227 0.999203
4228 0.999203
4229 0.999203
4230 0.999203
4231 0.999203
4232 0.999203
4233 0.999203
4234 0.999203
4235 0.999203
4236 0.999203
4237 0.999203
4238 0.999203
4239 0.999203
4240 0.999203
4241 0.999203
4242 0.999203
4243 0.999203
4244 0.999203
4245 0.999203
4246 0.999203
4247 0.999203
4248 0.999203
4249 0.999203
4250 0.999203
4251 0.999203
4252 0.999203
4253 0.999203
4254 0.999203
4255 0.999203
4256 0.999203
4257 0.999204
4258 0.999204
4259 0.999204
4260 0.999204
4261 0.999204
4262 0.999204
4263 0.999204
4264 0.999204
4265 0.999204
4266 0.999204
4267 0.999204
4268 0.999204
4269 0.999204
4270 0.999204
4271 0.999204
4272 0.999204
4273 0.999204
4274 0.999204
4275 0.999204
4276 0.999204
4277 0.999204
4278 0.999204
4279 0.999204
4280 0.999204
4281 0.999204
4282 0.999204
4283 0.999204
4284 0.999204
4285 0.999204
4286 0.999204
4287 0.999204
4288 0.999204
4289 0.999204
4290 0.999204
4291 0.999204
4292 0.999204
4293 0.999204
4294 0.999204
4295 0.999204
4296 0.999204
4297 0.999204
4298 0.999204
4299 0.999204
4300 0.999204
4301 0.999204
4302 0.999204
4303 0.999204
4304 0.999204
4305 0.999204
4306 0.999204
4307 0.999204
4308 0.999204
4309 0.999204
4310 0.999204
4311 0.999204
4312 0.999204
4313 0.999204
4314 0.999204
4315 0.999204
4316 0.999204
4317 0.999204
4318 0.999204
4319 0.999204
4320 0.999204
4321 0.999204
4322 0.999204
4323 0.999204
4324 0.999204
4325 0.999204
4326 0.999204
4327 0.999204
4328 0.999204
4329 0.999204
4330 0.999204
4331 0.999204
4332 0.999204
4333 0.999204
4334 0.999204
4335 0.999204
4336 0.999205
4337 0.999205
4338 0.999205
4339 0.999205
4340 0.999205
4341 0.999205
4342 0.999205
4343 0.999205
4344 0.999205
4345 0.999205
4346 0.999205
4347 0.999205
4348 0.999205
4349 0.999205
4350 0.999205
4351 0.999205
4352 0.999205
4353 0.999205
4354 0.999205
4355 0.999205
4356 0.999205
4357 0.999205
4358 0.999205
4359 0.999205
4360 0.999205
4361 0.999205
4362 0.999205
4363 0.999205
4364 0.999205
4365 0.999205
4366 0.999205
4367 0.999205
4368 0.999205
4369 0.999205
4370 0.999205
4371 0.999205
4372 0.999205
4373 0.999205
4374 0.999205
4375 0.999205
4376 0.999205
4377 0.999205
4378 0.999205
4379 0.999205
4380 0.999205
4381 0.999205
4382 0.999205
4383 0.999205
4384 0.999205
4385 0.999205
4386 0.999205
4387 0.999205
4388 0.999205
4389 0.999205
4390 0.999205
4391 0.999205
4392 0.999205
4393 0.999205
4394 0.999205
4395 0.999205
4396 0.999205
4397 0.999205
4398 0.999205
4399 0.999205
4400 0.999205
4401 0.999205
4402 0.999205
4403 0.999205
4404 0.999205
4405 0.999205
4406 0.999205
4407 0.999205
4408 0.999205
4409 0.999205
4410 0.999205
4411 0.999205
4412 0.999205
4413 0.999205
4414 0.999205
4415 0.999205
4416 0.999205
4417 0.999205
4418 0.999205
4419 0.999205
4420 0.999205
4421 0.999205
4422 0.999205
4423 0.999205
4424 0.999205
4425 0.999205
4426 0.999205
4427 0.999205
4428 0.999205
4429 0.999205
4430 0.999205
4431 0.999205
4432 0.999206
4433 0.999206
4434 0.999206
4435 0.999206
4436 0.999206
4437 0.999206
4438 0.999206
4439 0.999206
4440 0.999206
4441 0.999206
4442 0.999206
4443 0.999206
4444 0.999206
4445 0.999206
4446 0.999206
4447 0.999206
4448 0.999206
4449 0.999206
4450 0.999206
4451 0.999206
4452 0.999206
4453 0.999206
4454 0.999206
4455 0.999206
4456 0.999206
4457 0.999206
4458 0.999206
4459 0.999206
4460 0.999206
4461 0.999206
4462 0.999206
4463 0.999206
4464 0.999206
4465 0.999206
4466 0.999206
4467 0.999206
4468 0.999206
4469 0.999206
4470 0.999206
4471 0.999206
4472 0.999206
4473 0.999206
4474 0.999206
4475 0.999206
4476 0.999206
4477 0.999206
4478 0.999206
4479 0.999206
4480 0.999206
4481 0.999206
4482 0.999206
4483 0.999206
4484 0.999206
4485 0.999206
4486 0.999206
4487 0.999206
4488 0.999206
4489 0.999206
4490 0.999206
4491 0.999206
4492 0.999206
4493 0.999206
4494 0.999206
4495 0.999206
4496 0.999206
4497 0.999206
4498 0.999206
4499 0.999206
4500 0.999206
4501 0.999206
4502 0.999206
4503 0.999206
4504 0.999206
4505 0.999206
4506 0.999206
4507 0.999206
4508 0.999206
4509 0.999206
4510 0.999206
4511 0.999206
4512 0.999206
4513 0.999206
4514 0.999206
4515 0.999206
4516 0.999206
4517 0.999206
4518 0.999206
4519 0.999206
4520 0.999206
4521 0.999206
4522 0.999206
4523 0.999206
4524 0.999206
4525 0.999206
4526 0.999206
4527 0.999206
4528 0.999206
4529 0.999206
4530 0.999206
4531 0.999206
4532 0.999206
4533 0.999206
4534 0.999206
4535 0.999206
4536 0.999206
4537 0.999206
4538 0.999206
4539 0.999206
4540 0.999206
4541 0.999206
4542 0.999206
4543 0.999206
4544 0.999206
4545 0.999206
4546 0.999206
4547 0.999206
4548 0.999206
4549 0.999206
4550 0.999206
4551 0.999206
4552 0.999206
4553 0.999206
4554 0.999206
4555 0.999206
4556 0.999206
4557 0.999207
4558 0.999207
4559 0.999207
4560 0.999207
4561 0.999207
4562 0.999207
4563 0.999207
4564 0.999207
4565 0.999207
4566 0.999207
4567 0.999207
4568 0.999207
4569 0.999207
4570 0.999207
4571 0.999207
4572 0.999207
4573 0.999207
4574 0.999207
4575 0.999207
4576 0.999207
4577 0.999207
4578 0.999207
4579 0.999207
4580 0.999207
4581 0.999207
4582 0.999207
4583 0.999207
4584 0.999207
4585 0.999207
4586 0.999207
4587 0.999207
4588 0.999207
4589 0.999207
4590 0.999207
4591 0.999207
4592 0.999207
4593 0.999207
4594 0.999207
4595 0.999207
4596 0.999207
4597 0.999207
4598 0.999207
4599 0.999207
4600 0.999207
4601 0.999207
4602 0.999207
4603 0.999207
4604 0.999207
4605 0.999207
4606 0.999207
4607 0.999207
4608 0.999207
4609 0.999207
4610 0.999207
4611 0.999207
4612 0.999207
4613 0.999207
4614 0.999207
4615 0.999207
4616 0.999207
4617 0.999207
4618 0.999207
4619 0.999207
4620 0.999207
4621 0.999207
4622 0.999207
4623 0.999207
4624 0.999207
4625 0.999207
4626 0.999207
4627 0.999207
4628 0.999207
4629 0.999207
4630 0.999207
4631 0.999207
4632 0.999207
4633 0.999207
4634 0.999207
4635 0.999207
4636 0.999207
4637 0.999207
4638 0.999207
4639 0.999207
4640 0.999207
4641 0.999207
4642 0.999207
4643 0.999207
4644 0.999207
4645 0.999207
4646 0.999207
4647 0.999207
4648 0.999207
4649 0.999207
4650 0.999207
4651 0.999207
4652 0.999207
4653 0.999207
4654 0.999207
4655 0.999207
4656 0.999207
4657 0.999207
4658 0.999207
4659 0.999207
4660 0.999207
4661 0.999207
4662 0.999207
4663 0.999207
4664 0.999207
4665 0.999207
4666 0.999207
4667 0.999207
4668 0.999207
4669 0.999207
4670 0.999207
4671 0.999207
4672 0.999207
4673 0.999207
4674 0.999207
4675 0.999207
4676 0.999207
4677 0.999207
4678 0.999207
4679 0.999207
4680 0.999207
4681 0.999207
4682 0.999207
4683 0.999207
4684 0.999207
4685 0.999207
4686 0.999207
4687 0.999207
4688 0.999207
4689 0.999207
4690 0.999207
4691 0.999207
4692 0.999207
4693 0.999207
4694 0.999207
4695 0.999207
4696 0.999207
4697 0.999207
4698 0.999207
4699 0.999207
4700 0.999207
4701 0.999207
4702 0.999207
4703 0.999207
4704 0.999207
4705 0.999207
4706 0.999207
4707 0.999207
4708 0.999207
4709 0.999207
4710 0.999207
4711 0.999207
4712 0.999207
4713 0.999207
4714 0.999207
4715 0.999207
4716 0.999207
4717 0.999207
4718 0.999207
4719 0.999207
4720 0.999207
4721 0.999207
4722 0.999207
4723 0.999207
4724 0.999207
4725 0.999207
4726 0.999207
4727 0.999207
4728 0.999207
4729 0.999207
4730 0.999207
4731 0.999207
4732 0.999207
4733 0.999207
4734 0.999207
4735 0.999207
4736 0.999208
4737 0.999208
4738 0.999208
4739 0.999208
4740 0.999208
4741 0.999208
4742 0.999208
4743 0.999208
4744 0.999208
4745 0.999208
4746 0.999208
4747 0.999208
4748 0.999208
4749 0.999208
4750 0.999208
4751 0.999208
4752 0.999208
4753 0.999208
4754 0.999208
4755 0.999208
4756 0.999208
4757 0.999208
4758 0.999208
4759 0.999208
4760 0.999208
4761 0.999208
4762 0.999208
4763 0.999208
4764 0.999208
4765 0.999208
4766 0.999208
4767 0.999208
4768 0.999208
4769 0.999208
4770 0.999208
4771 0.999208
4772 0.999208
4773 0.999208
4774 0.999208
4775 0.999208
4776 0.999208
4777 0.999208
4778 0.999208
4779 0.999208
4780 0.999208
4781 0.999208
4782 0.999208
4783 0.999208
4784 0.999208
4785 0.999208
4786 0.999208
4787 0.999208
4788 0.999208
4789 0.999208
4790 0.999208
4791 0.999208
4792 0.999208
4793 0.999208
4794 0.999208
4795 0.999208
4796 0.999208
4797 0.999208
4798 0.999208
4799 0.999208
4800 0.999208
4801 0.999208
4802 0.999208
4803 0.999208
4804 0.999208
4805 0.999208
4806 0.999208
4807 0.999208
4808 0.999208
4809 0.999208
4810 0.999208
4811 0.999208
4812 0.999208
4813 0.999208
4814 0.999208
4815 0.999208
4816 0.999208
4817 0.999208
4818 0.999208
4819 0.999208
4820 0.999208
4821 0.999208
4822 0.999208
4823 0.999208
4824 0.999208
4825 0.999208
4826 0.999208
4827 0.999208
4828 0.999208
4829 0.999208
4830 0.999208
4831 0.999208
4832 0.999208
4833 0.999208
4834 0.999208
4835 0.999208
4836 0.999208
4837 0.999208
4838 0.999208
4839 0.999208
4840 0.999208
4841 0.999208
4842 0.999208
4843 0.999208
4844 0.999208
4845 0.999208
4846 0.999208
4847 0.999208
4848 0.999208
4849 0.999208
4850 0.999208
4851 0.999208
4852 0.999208
4853 0.999208
4854 0.999208
4855 0.999208
4856 0.999208
4857 0.999208
4858 0.999208
4859 0.999208
4860 0.999208
4861 0.999208
4862 0.999208
4863 0.999208
4864 0.999208
4865 0.999208
4866 0.999208
4867 0.999208
4868 0.999208
4869 0.999208
4870 0.999208
4871 0.999208
4872 0.999208
4873 0.999208
4874 0.999208
4875 0.999208
4876 0.999208
4877 0.999208
4878 0.999208
4879 0.999208
4880 0.999208
4881 0.999208
4882 0.999208
4883 0.999208
4884 0.999208
4885 0.999208
4886 0.999208
4887 0.999208
4888 0.999208
4889 0.999208
4890 0.999208
4891 0.999208
4892 0.999208
4893 0.999208
4894 0.999208
4895 0.999208
4896 0.999208
4897 0.999208
4898 0.999208
4899 0.999208
4900 0.999208
4901 0.999208
4902 0.999208
4903 0.999208
4904 0.999208
4905 0.999208
4906 0.999208
4907 0.999208
4908 0.999208
4909 0.999208
4910 0.999208
4911 0.999208
4912 0.999208
4913 0.999208
4914 0.999208
4915 0.999208
4916 0.999208
4917 0.999208
4918 0.999208
4919 0.999208
4920 0.999208
4921 0.999208
4922 0.999208
4923 0.999208
4924 0.999208
4925 0.999208
4926 0.999208
4927 0.999208
4928 0.999208
4929 0.999208
4930 0.999208
4931 0.999208
4932 0.999208
4933 0.999208
4934 0.999208
4935 0.999208
4936 0.999208
4937 0.999208
4938 0.999208
4939 0.999208
4940 0.999208
4941 0.999208
4942 0.999208
4943 0.999208
4944 0.999208
4945 0.999208
4946 0.999208
4947 0.999208
4948 0.999208
4949 0.999208
4950 0.999208
4951 0.999208
4952 0.999208
4953 0.999208
4954 0.999208
4955 0.999208
4956 0.999208
4957 0.999208
4958 0.999208
4959 0.999208
4960 0.999208
4961 0.999208
4962 0.999208
4963 0.999208
4964 0.999208
4965 0.999208
4966 0.999208
4967 0.999208
4968 0.999208
4969 0.999208
4970 0.999208
4971 0.999208
4972 0.999208
4973 0.999208
4974 0.999208
4975 0.999208
4976 0.999208
4977 0.999208
4978 0.999208
4979 0.999208
4980 0.999208
4981 0.999208
4982 0.999208
4983 0.999208
4984 0.999208
4985 0.999208
4986 0.999208
4987 0.999208
4988 0.999208
4989 0.999208
4990 0.999208
4991 0.999208
4992 0.999208
4993 0.999208
4994 0.999208
4995 0.999208
4996 0.999208
4997 0.999208
4998 0.999208
4999 0.999208
5000 0.999208
5001 0.999208
5002 0.999208
5003 0.999208
5004 0.999208
5005 0.999208
5006 0.999208
5007 0.999208
5008 0.999208
5009 0.999208
5010 0.999208
5011 0.999208
5012 0.999208
5013 0.999208
5014 0.999208
5015 0.999208
5016 0.999208
5017 0.999208
5018 0.999208
5019 0.999208
5020 0.999208
5021 0.999208
5022 0.999208
5023 0.999208
5024 0.999208
5025 0.999208
5026 0.999208
5027 0.999208
5028 0.999208
5029 0.999208
5030 0.999208
5031 0.999208
5032 0.999208
5033 0.999208
5034 0.999208
5035 0.999208
5036 0.999208
5037 0.999208
5038 0.999208
5039 0.999208
5040 0.999208
5041 0.999208
5042 0.999208
5043 0.999208
5044 0.999208
5045 0.999208
5046 0.999208
5047 0.999208
5048 0.999208
5049 0.999208
5050 0.999208
5051 0.999208
5052 0.999209
5053 0.999209
5054 0.999209
5055 0.999209
5056 0.999209
5057 0.999209
5058 0.999209
5059 0.999209
5060 0.999209
5061 0.999209
5062 0.999209
5063 0.999209
5064 0.999209
5065 0.999209
5066 0.999209
5067 0.999209
5068 0.999209
5069 0.999209
5070 0.999209
5071 0.999209
5072 0.999209
5073 0.999209
5074 0.999209
5075 0.999209
5076 0.999209
5077 0.999209
5078 0.999209
5079 0.999209
5080 0.999209
5081 0.999209
5082 0.999209
5083 0.999209
5084 0.999209
5085 0.999209
5086 0.999209
5087 0.999209
5088 0.999209
5089 0.999209
5090 0.999209
5091 0.999209
5092 0.999209
5093 0.999209
5094 0.999209
5095 0.999209
5096 0.999209
5097 0.999209
5098 0.999209
5099 0.999209
5100 0.999209
5101 0.999209
5102 0.999209
5103 0.999209
5104 0.999209
5105 0.999209
5106 0.999209
5107 0.999209
5108 0.999209
5109 0.999209
5110 0.999209
5111 0.999209
5112 0.999209
5113 0.999209
5114 0.999209
5115 0.999209
5116 0.999209
5117 0.999209
5118 0.999209
5119 0.999209
5120 0.999209
5121 0.999209
5122 0.999209
5123 0.999209
5124 0.999209
5125 0.999209
5126 0.999209
5127 0.999209
5128 0.999209
5129 0.999209
5130 0.999209
5131 0.999209
5132 0.999209
5133 0.999209
5134 0.999209
5135 0.999209
5136 0.999209
5137 0.999209
5138 0.999209
5139 0.999209
5140 0.999209
5141 0.999209
5142 0.999209
5143 0.999209
5144 0.999209
5145 0.999209
5146 0.999209
5147 0.999209
5148 0.999209
5149 0.999209
5150 0.999209
5151 0.999209
5152 0.999209
5153 0.999209
5154 0.999209
5155 0.999209
5156 0.999209
5157 0.999209
5158 0.999209
5159 0.999209
5160 0.999209
5161 0.999209
5162 0.999209
5163 0.999209
5164 0.999209
5165 0.999209
5166 0.999209
5167 0.999209
5168 0.999209
5169 0.999209
5170 0.999209
5171 0.999209
5172 0.999209
5173 0.999209
5174 0.999209
5175 0.999209
5176 0.999209
5177 0.999209
5178 0.999209
5179 0.999209
5180 0.999209
5181 0.999209
5182 0.999209
5183 0.999209
5184 0.999209
5185 0.999209
5186 0.999209
5187 0.999209
5188 0.999209
5189 0.999209
5190 0.999209
5191 0.999209
5192 0.999209
5193 0.999209
5194 0.999209
5195 0.999209
5196 0.999209
5197 0.999209
5198 0.999209
5199 0.999209
5200 0.999209
5201 0.999209
5202 0.999209
5203 0.999209
5204 0.999209
5205 0.999209
5206 0.999209
5207 0.999209
5208 0.999209
5209 0.999209
5210 0.999209
5211 0.999209
5212 0.999209
5213 0.999209
5214 0.999209
5215 0.999209
5216 0.999209
5217 0.999209
5218 0.999209
5219 0.999209
5220 0.999209
5221 0.999209
5222 0.999209
5223 0.999209
5224 0.999209
5225 0.999209
5226 0.999209
5227 0.999209
5228 0.999209
5229 0.999209
5230 0.999209
5231 0.999209
5232 0.999209
5233 0.999209
5234 0.999209
5235 0.999209
5236 0.999209
5237 0.999209
5238 0.999209
5239 0.999209
5240 0.999209
5241 0.999209
5242 0.999209
5243 0.999209
5244 0.999209
5245 0.999209
5246 0.999209
5247 0.999209
5248 0.999209
5249 0.999209
5250 0.999209
5251 0.999209
5252 0.999209
5253 0.999209
5254 0.999209
5255 0.999209
5256 0.999209
5257 0.999209
5258 0.999209
5259 0.999209
5260 0.999209
5261 0.999209
5262 0.999209
5263 0.999209
5264 0.999209
5265 0.999209
5266 0.999209
5267 0.999209
5268 0.999209
5269 0.999209
5270 0.999209
5271 0.999209
5272 0.999209
5273 0.999209
5274 0.999209
5275 0.999209
5276 0.999209
5277 0.999209
5278 0.999209
5279 0.999209
5280 0.999209
5281 0.999209
5282 0.999209
5283 0.999209
5284 0.999209
5285 0.999209
5286 0.999209
5287 0.999209
5288 0.999209
5289 0.999209
5290 0.999209
5291 0.999209
5292 0.999209
5293 0.999209
5294 0.999209
5295 0.999209
5296 0.999209
5297 0.999209
5298 0.999209
5299 0.999209
5300 0.999209
5301 0.999209
5302 0.999209
5303 0.999209
5304 0.999209
5305 0.999209
5306 0.999209
5307 0.999209
5308 0.999209
5309 0.999209
5310 0.999209
5311 0.999209
5312 0.999209
5313 0.999209
5314 0.999209
5315 0.999209
5316 0.999209
5317 0.999209
5318 0.999209
5319 0.999209
5320 0.999209
5321 0.999209
5322 0.999209
5323 0.999209
5324 0.999209
5325 0.999209
5326 0.999209
5327 0.999209
5328 0.999209
5329 0.999209
5330 0.999209
5331 0.999209
5332 0.999209
5333 0.999209
5334 0.999209
5335 0.999209
5336 0.999209
5337 0.999209
5338 0.999209
5339 0.999209
5340 0.999209
5341 0.999209
5342 0.999209
5343 0.999209
5344 0.999209
5345 0.999209
5346 0.999209
5347 0.999209
5348 0.999209
5349 0.999209
5350 0.999209
5351 0.999209
5352 0.999209
5353 0.999209
5354 0.999209
5355 0.999209
5356 0.999209
5357 0.999209
5358 0.999209
5359 0.999209
5360 0.999209
5361 0.999209
5362 0.999209
5363 0.999209
5364 0.999209
5365 0.999209
5366 0.999209
5367 0.999209
5368 0.999209
5369 0.999209
5370 0.999209
5371 0.999209
5372 0.999209
5373 0.999209
5374 0.999209
5375 0.999209
5376 0.999209
5377 0.999209
5378 0.999209
5379 0.999209
5380 0.999209
5381 0.999209
5382 0.999209
5383 0.999209
5384 0.999209
5385 0.999209
5386 0.999209
5387 0.999209
5388 0.999209
5389 0.999209
5390 0.999209
5391 0.999209
5392 0.999209
5393 0.999209
5394 0.999209
5395 0.999209
5396 0.999209
5397 0.999209
5398 0.999209
5399 0.999209
5400 0.999209
5401 0.999209
5402 0.999209
5403 0.999209
5404 0.999209
5405 0.999209
5406 0.999209
5407 0.999209
5408 0.999209
5409 0.999209
5410 0.999209
5411 0.999209
5412 0.999209
5413 0.999209
5414 0.999209
5415 0.999209
5416 0.999209
5417 0.999209
5418 0.999209
5419 0.999209
5420 0.999209
5421 0.999209
5422 0.999209
5423 0.999209
5424 0.999209
5425 0.999209
5426 0.999209
5427 0.999209
5428 0.999209
5429 0.999209
5430 0.999209
5431 0.999209
5432 0.999209
5433 0.999209
5434 0.999209
5435 0.999209
5436 0.999209
5437 0.999209
5438 0.999209
5439 0.999209
5440 0.999209
5441 0.999209
5442 0.999209
5443 0.999209
5444 0.999209
5445 0.999209
5446 0.999209
5447 0.999209
5448 0.999209
5449 0.999209
5450 0.999209
5451 0.999209
5452 0.999209
5453 0.999209
5454 0.999209
5455 0.999209
5456 0.999209
5457 0.999209
5458 0.999209
5459 0.999209
5460 0.999209
5461 0.999209
5462 0.999209
5463 0.999209
5464 0.999209
5465 0.999209
5466 0.999209
5467 0.999209
5468 0.999209
5469 0.999209
5470 0.999209
5471 0.999209
5472 0.999209
5473 0.999209
5474 0.999209
5475 0.999209
5476 0.999209
5477 0.999209
5478 0.999209
5479 0.999209
5480 0.999209
5481 0.999209
5482 0.999209
5483 0.999209
5484 0.999209
5485 0.999209
5486 0.999209
5487 0.999209
5488 0.999209
5489 0.999209
5490 0.999209
5491 0.999209
5492 0.999209
5493 0.999209
5494 0.999209
5495 0.999209
5496 0.999209
5497 0.999209
5498 0.999209
5499 0.999209
5500 0.999209
5501 0.999209
5502 0.999209
5503 0.999209
5504 0.999209
5505 0.999209
5506 0.999209
5507 0.999209
5508 0.999209
5509 0.999209
5510 0.999209
5511 0.999209
5512 0.999209
5513 0.999209
5514 0.999209
5515 0.999209
5516 0.999209
5517 0.999209
5518 0.999209
5519 0.999209
5520 0.999209
5521 0.999209
5522 0.999209
5523 0.999209
5524 0.999209
5525 0.999209
5526 0.999209
5527 0.999209
5528 0.999209
5529 0.999209
5530 0.999209
5531 0.999209
5532 0.999209
5533 0.999209
5534 0.999209
5535 0.999209
5536 0.999209
5537 0.999209
5538 0.999209
5539 0.999209
5540 0.999209
5541 0.999209
5542 0.999209
5543 0.999209
5544 0.999209
5545 0.999209
5546 0.999209
5547 0.999209
5548 0.999209
5549 0.999209
5550 0.999209
5551 0.999209
5552 0.999209
5553 0.999209
5554 0.999209
5555 0.999209
5556 0.999209
5557 0.999209
5558 0.999209
5559 0.999209
5560 0.999209
5561 0.999209
5562 0.999209
5563 0.999209
5564 0.999209
5565 0.999209
5566 0.999209
5567 0.999209
5568 0.999209
5569 0.999209
5570 0.999209
5571 0.999209
5572 0.999209
5573 0.999209
5574 0.999209
5575 0.999209
5576 0.999209
5577 0.999209
5578 0.999209
5579 0.999209
5580 0.999209
5581 0.999209
5582 0.999209
5583 0.999209
5584 0.999209
5585 0.999209
5586 0.999209
5587 0.999209
5588 0.999209
5589 0.999209
5590 0.999209
5591 0.999209
5592 0.999209
5593 0.999209
5594 0.999209
5595 0.999209
5596 0.999209
5597 0.999209
5598 0.999209
5599 0.999209
5600 0.999209
5601 0.999209
5602 0.999209
5603 0.999209
5604 0.999209
5605 0.999209
5606 0.999209
5607 0.999209
5608 0.999209
5609 0.999209
5610 0.999209
5611 0.999209
5612 0.999209
5613 0.999209
5614 0.999209
5615 0.999209
5616 0.999209
5617 0.999209
5618 0.999209
5619 0.999209
5620 0.999209
5621 0.999209
5622 0.999209
5623 0.999209
5624 0.999209
5625 0.999209
5626 0.999209
5627 0.999209
5628 0.999209
5629 0.999209
5630 0.999209
5631 0.999209
5632 0.999209
5633 0.999209
5634 0.999209
5635 0.999209
5636 0.999209
5637 0.999209
5638 0.999209
5639 0.999209
5640 0.999209
5641 0.999209
5642 0.999209
5643 0.999209
5644 0.999209
5645 0.999209
5646 0.999209
5647 0.999209
5648 0.999209
5649 0.999209
5650 0.999209
5651 0.999209
5652 0.999209
5653 0.999209
5654 0.999209
5655 0.999209
5656 0.999209
5657 0.999209
5658 0.999209
5659 0.999209
5660 0.999209
5661 0.999209
5662 0.999209
5663 0.999209
5664 0.999209
5665 0.999209
5666 0.999209
5667 0.999209
5668 0.999209
5669 0.999209
5670 0.999209
5671 0.999209
5672 0.999209
5673 0.999209
5674 0.999209
5675 0.999209
5676 0.999209
5677 0.999209
5678 0.999209
5679 0.999209
5680 0.999209
5681 0.999209
5682 0.999209
5683 0.999209
5684 0.999209
5685 0.999209
5686 0.999209
5687 0.999209
5688 0.999209
5689 0.999209
5690 0.999209
5691 0.999209
5692 0.999209
5693 0.999209
5694 0.999209
5695 0.999209
5696 0.999209
5697 0.999209
5698 0.999209
5699 0.999209
5700 0.999209
5701 0.999209
5702 0.999209
5703 0.999209
5704 0.999209
5705 0.999209
5706 0.999209
5707 0.999209
5708 0.999209
5709 0.999209
5710 0.999209
5711 0.999209
5712 0.999209
5713 0.999209
5714 0.999209
5715 0.999209
5716 0.999209
5717 0.999209
5718 0.999209
5719 0.999209
5720 0.999209
5721 0.999209
5722 0.999209
5723 0.999209
5724 0.999209
5725 0.999209
5726 0.999209
5727 0.999209
5728 0.999209
5729 0.999209
5730 0.999209
5731 0.999209
5732 0.999209
5733 0.999209
5734 0.999209
5735 0.999209
5736 0.999209
5737 0.999209
5738 0.999209
5739 0.999209
5740 0.999209
5741 0.999209
5742 0.999209
5743 0.999209
5744 0.999209
5745 0.999209
5746 0.999209
5747 0.999209
5748 0.999209
5749 0.999209
5750 0.999209
5751 0.999209
5752 0.999209
5753 0.999209
5754 0.999209
5755 0.999209
5756 0.999209
5757 0.999209
5758 0.999209
5759 0.999209
5760 0.999209
5761 0.999209
5762 0.999209
5763 0.999209
5764 0.999209
5765 0.999209
5766 0.999209
5767 0.999209
5768 0.999209
5769 0.999209
5770 0.999209
5771 0.999209
5772 0.999209
5773 0.999209
5774 0.999209
5775 0.999209
5776 0.999209
5777 0.999209
5778 0.999209
5779 0.999209
5780 0.999209
5781 0.999209
5782 0.999209
5783 0.999209
5784 0.999209
5785 0.999209
5786 0.999209
5787 0.999209
5788 0.999209
5789 0.999209
5790 0.999209
5791 0.999209
5792 0.999209
5793 0.999209
5794 0.999209
5795 0.999209
5796 0.999209
5797 0.999209
5798 0.999209
5799 0.999209
5800 0.999209
5801 0.999209
5802 0.999209
5803 0.999209
5804 0.999209
5805 0.999209
5806 0.999209
5807 0.999209
5808 0.999209
5809 0.999209
5810 0.999209
5811 0.999209
5812 0.999209
5813 0.999209
5814 0.999209
5815 0.999209
5816 0.999209
5817 0.999209
5818 0.999209
5819 0.999209
5820 0.999209
5821 0.999209
5822 0.999209
5823 0.999209
5824 0.999209
5825 0.999209
5826 0.999209
5827 0.999209
5828 0.999209
5829 0.999209
5830 0.999209
5831 0.999209
5832 0.999209
5833 0.999209
5834 0.999209
5835 0.999209
5836 0.999209
5837 0.999209
5838 0.999209
5839 0.999209
5840 0.999209
5841 0.999209
5842 0.999209
5843 0.999209
5844 0.999209
5845 0.999209
5846 0.999209
5847 0.999209
5848 0.999209
5849 0.999209
5850 0.999209
5851 0.999209
5852 0.999209
5853 0.999209
5854 0.999209
5855 0.999209
5856 0.999209
5857 0.999209
5858 0.999209
5859 0.999209
5860 0.999209
5861 0.999209
5862 0.999209
5863 0.999209
5864 0.999209
5865 0.999209
5866 0.999209
5867 0.999209
5868 0.999209
5869 0.999209
5870 0.999209
5871 0.999209
5872 0.999209
5873 0.999209
5874 0.999209
5875 0.999209
5876 0.999209
5877 0.999209
5878 0.999209
5879 0.999209
5880 0.999209
5881 0.999209
5882 0.999209
5883 0.999209
5884 0.999209
5885 0.999209
5886 0.999209
5887 0.999209
5888 0.999209
5889 0.999209
5890 0.999209
5891 0.999209
5892 0.999209
5893 0.999209
5894 0.999209
5895 0.999209
5896 0.999209
5897 0.999209
5898 0.999209
5899 0.999209
5900 0.999209
5901 0.999209
5902 0.999209
5903 0.999209
5904 0.999209
5905 0.999209
5906 0.999209
5907 0.999209
5908 0.999209
5909 0.999209
5910 0.999209
5911 0.999209
5912 0.999209
5913 0.999209
5914 0.999209
5915 0.999209
5916 0.999209
5917 0.999209
5918 0.999209
5919 0.999209
5920 0.999209
5921 0.999209
5922 0.999209
5923 0.999209
5924 0.999209
5925 0.999209
5926 0.999209
5927 0.999209
5928 0.999209
5929 0.999209
5930 0.999209
5931 0.999209
5932 0.999209
5933 0.999209
5934 0.999209
5935 0.999209
5936 0.999209
5937 0.999209
5938 0.999209
5939 0.999209
5940 0.999209
5941 0.999209
5942 0.999209
5943 0.999209
5944 0.999209
5945 0.999209
5946 0.999209
5947 0.999209
5948 0.999209
5949 0.999209
5950 0.999209
5951 0.999209
5952 0.999209
5953 0.999209
5954 0.999209
5955 0.999209
5956 0.999209
5957 0.999209
5958 0.999209
5959 0.999209
5960 0.999209
5961 0.999209
5962 0.999209
5963 0.999209
5964 0.999209
5965 0.999209
5966 0.999209
5967 0.999209
5968 0.999209
5969 0.999209
5970 0.999209
5971 0.999209
5972 0.999209
5973 0.999209
5974 0.999209
5975 0.999209
5976 0.999209
5977 0.999209
5978 0.999209
5979 0.999209
5980 0.999209
5981 0.999209
5982 0.999209
5983 0.999209
5984 0.999209
5985 0.999209
5986 0.999209
5987 0.999209
5988 0.999209
5989 0.999209
5990 0.999209
5991 0.999209
5992 0.999209
5993 0.999209
5994 0.999209
5995 0.999209
5996 0.999209
5997 0.999209
5998 0.999209
5999 0.999209
6000 0.999209
6001 0.999209
6002 0.999209
6003 0.999209
6004 0.999209
6005 0.999209
6006 0.999209
6007 0.999209
6008 0.999209
6009 0.999209
6010 0.999209
6011 0.999209
6012 0.999209
6013 0.999209
6014 0.999209
6015 0.999209
6016 0.999209
6017 0.999209
6018 0.999209
6019 0.999209
6020 0.999209
6021 0.999209
6022 0.999209
6023 0.999209
6024 0.999209
6025 0.999209
6026 0.999209
6027 0.999209
6028 0.999209
6029 0.999209
6030 0.999209
6031 0.999209
6032 0.999209
6033 0.999209
6034 0.999209
6035 0.999209
6036 0.999209
6037 0.999209
6038 0.999209
6039 0.999209
6040 0.999209
6041 0.999209
6042 0.999209
6043 0.999209
6044 0.999209
6045 0.999209
6046 0.999209
6047 0.999209
6048 0.999209
6049 0.999209
6050 0.999209
6051 0.999209
6052 0.999209
6053 0.999209
6054 0.999209
6055 0.999209
6056 0.999209
6057 0.999209
6058 0.999209
6059 0.999209
6060 0.999209
6061 0.999209
6062 0.999209
6063 0.999209
6064 0.999209
6065 0.999209
6066 0.999209
6067 0.999209
6068 0.999209
6069 0.999209
6070 0.999209
6071 0.999209
6072 0.999209
6073 0.999209
6074 0.999209
6075 0.999209
6076 0.999209
6077 0.999209
6078 0.999209
6079 0.999209
6080 0.999209
6081 0.999209
6082 0.999209
6083 0.999209
6084 0.999209
6085 0.999209
6086 0.999209
6087 0.999209
6088 0.999209
6089 0.999209
6090 0.999209
6091 0.999209
6092 0.999209
6093 0.999209
6094 0.999209
6095 0.999209
6096 0.999209
6097 0.999209
6098 0.999209
6099 0.999209
6100 0.999209
6101 0.999209
6102 0.999209
6103 0.999209
6104 0.999209
6105 0.999209
6106 0.999209
6107 0.999209
6108 0.999209
6109 0.999209
6110 0.999209
6111 0.999209
6112 0.999209
6113 0.999209
6114 0.999209
6115 0.999209
6116 0.999209
6117 0.999209
6118 0.999209
6119 0.999209
6120 0.999209
6121 0.999209
6122 0.999209
6123 0.999209
6124 0.999209
6125 0.999209
6126 0.999209
6127 0.999209
6128 0.999209
6129 0.999209
6130 0.999209
6131 0.999209
6132 0.999209
6133 0.999209
6134 0.999209
6135 0.999209
6136 0.999209
6137 0.999209
6138 0.999209
6139 0.999209
6140 0.999209
6141 0.999209
6142 0.999209
6143 0.999209
6144 0.999209
6145 0.999209
6146 0.999209
6147 0.999209
6148 0.999209
6149 0.999209
6150 0.999209
6151 0.999209
6152 0.999209
6153 0.999209
6154 0.999209
6155 0.999209
6156 0.999209
6157 0.999209
6158 0.999209
6159 0.999209
6160 0.999209
6161 0.999209
6162 0.999209
6163 0.999209
6164 0.999209
6165 0.999209
6166 0.999209
6167 0.999209
6168 0.999209
6169 0.999209
6170 0.999209
6171 0.999209
6172 0.999209
6173 0.999209
6174 0.999209
6175 0.999209
6176 0.999209
6177 0.999209
6178 0.999209
6179 0.999209
6180 0.999209
6181 0.999209
6182 0.999209
6183 0.999209
6184 0.999209
6185 0.999209
6186 0.999209
6187 0.999209
6188 0.999209
6189 0.999209
6190 0.999209
6191 0.999209
6192 0.999209
6193 0.999209
6194 0.999209
6195 0.999209
6196 0.999209
6197 0.999209
6198 0.999209
6199 0.999209
6200 0.999209
6201 0.999209
6202 0.999209
6203 0.999209
6204 0.999209
6205 0.999209
6206 0.999209
6207 0.999209
6208 0.999209
6209 0.999209
6210 0.999209
6211 0.999209
6212 0.999209
6213 0.999209
6214 0.999209
6215 0.999209
6216 0.999209
6217 0.999209
6218 0.999209
6219 0.999209
6220 0.999209
6221 0.999209
6222 0.999209
6223 0.999209
6224 0.999209
6225 0.999209
6226 0.999209
6227 0.999209
6228 0.999209
6229 0.999209
6230 0.999209
6231 0.999209
6232 0.999209
6233 0.999209
6234 0.999209
6235 0.999209
6236 0.999209
6237 0.999209
6238 0.999209
6239 0.999209
6240 0.999209
6241 0.999209
6242 0.999209
6243 0.999209
6244 0.999209
6245 0.999209
6246 0.999209
6247 0.999209
6248 0.999209
6249 0.999209
6250 0.999209
6251 0.999209
6252 0.999209
6253 0.999209
6254 0.999209
6255 0.999209
6256 0.999209
6257 0.999209
6258 0.999209
6259 0.999209
6260 0.999209
6261 0.999209
6262 0.999209
6263 0.999209
6264 0.999209
6265 0.999209
6266 0.999209
6267 0.999209
6268 0.999209
6269 0.999209
6270 0.999209
6271 0.999209
6272 0.999209
6273 0.999209
6274 0.999209
6275 0.999209
6276 0.999209
6277 0.999209
6278 0.999209
6279 0.999209
6280 0.999209
6281 0.999209
6282 0.999209
6283 0.999209
6284 0.999209
6285 0.999209
6286 0.999209
6287 0.999209
6288 0.999209
6289 0.999209
6290 0.999209
6291 0.999209
6292 0.999209
6293 0.999209
6294 0.999209
6295 0.999209
6296 0.999209
6297 0.999209
6298 0.999209
6299 0.999209
6300 0.999209
6301 0.999209
6302 0.999209
6303 0.999209
6304 0.999209
6305 0.999209
6306 0.999209
6307 0.999209
6308 0.999209
6309 0.999209
6310 0.999209
6311 0.999209
6312 0.999209
6313 0.999209
6314 0.999209
6315 0.999209
6316 0.999209
6317 0.999209
6318 0.999209
6319 0.999209
6320 0.999209
6321 0.999209
6322 0.999209
6323 0.999209
6324 0.999209
6325 0.999209
6326 0.999209
6327 0.999209
6328 0.999209
6329 0.999209
6330 0.999209
6331 0.999209
6332 0.999209
6333 0.999209
6334 0.999209
6335 0.999209
6336 0.999209
6337 0.999209
6338 0.999209
6339 0.999209
6340 0.999209
6341 0.999209
6342 0.999209
6343 0.999209
6344 0.999209
6345 0.999209
6346 0.999209
6347 0.999209
6348 0.999209
6349 0.999209
6350 0.999209
6351 0.999209
6352 0.999209
6353 0.999209
6354 0.999209
6355 0.999209
6356 0.999209
6357 0.999209
6358 0.999209
6359 0.999209
6360 0.999209
6361 0.999209
6362 0.999209
6363 0.999209
6364 0.999209
6365 0.999209
6366 0.999209
6367 0.999209
6368 0.999209
6369 0.999209
6370 0.999209
6371 0.999209
6372 0.999209
6373 0.999209
6374 0.999209
6375 0.999209
6376 0.999209
6377 0.999209
6378 0.999209
6379 0.999209
6380 0.999209
6381 0.999209
