Nb of CPUs | N = 128 | N = 256 | N = 512 | N = 1024

# Time low precision

1 1.68 21.53 269.61 3546.33 
2 0.98 11.84 152.68 1951.79
4 0.70 7.07 87.14 1087.80
8 0.39 3.87 47.60 602.05
16 0.25 2.35 27.40 338.08
32 0.24 1.77 17.03 200.86

# Speedup low precision

1 1.00 1.00 1.00 1.00
2 1.71 1.81 1.76 1.92
4 2.40 3.04 3.09 3.26
8 4.31 5.56 5.66 5.89
16 6.72 9.16 9.83 10.48
32 7.00	12.16 15.83 17.65

# Time low precision

1 4.21 63.46 938.66 18771.50
2 2.30 31.73 494.52 11101.84
4 1.35 17.96 260.76 5212.56
8 0.75 9.06 129.21 1923.57
16 0.49 5.17 68.53 1000.96
32 0.45 3.60 39.35 539.37

# Speedup high precision

1 1.00 1.00 1.00 1.00
2 1.83 2.00 1.89 1.69
4 3.11 3.53 3.59 3.60
8 5.61 7.00 7.26 9.75
16 8.59 12.27 13.69 18.75
32 9.35 17.63 23.85 34.80
