0.0000000000 0.0000000000 0.0000000000
0.0000000000 0.0256410256 0.0058597881
0.0000000000 0.0512820513 0.0233018040
0.0000000000 0.0769230769 0.0519172215
0.0000000000 0.1025641026 0.0910353196
0.0000000000 0.1282051282 0.1397392032
0.0000000000 0.1538461538 0.1968872945
0.0000000000 0.1794871795 0.2611400907
0.0000000000 0.2051282051 0.3309915608
0.0000000000 0.2307692308 0.4048044454
0.0000000000 0.2564102564 0.4808486332
0.0000000000 0.2820512821 0.5573417127
0.0000000000 0.3076923077 0.6324907511
0.0000000000 0.3333333333 0.7045343186
0.0000000000 0.3589743590 0.7717837750
0.0000000000 0.3846153846 0.8326628501
0.0000000000 0.4102564103 0.8857445899
0.0000000000 0.4358974359 0.9297848035
0.0000000000 0.4615384615 0.9637512256
0.0000000000 0.4871794872 0.9868477119
0.0000000000 0.5128205128 0.9985329006
0.0000000000 0.5384615385 0.9985329006
0.0000000000 0.5641025641 0.9868477119
0.0000000000 0.5897435897 0.9637512256
0.0000000000 0.6153846154 0.9297848035
0.0000000000 0.6410256410 0.8857445899
0.0000000000 0.6666666667 0.8326628501
0.0000000000 0.6923076923 0.7717837750
0.0000000000 0.7179487179 0.7045343186
0.0000000000 0.7435897436 0.6324907511
0.0000000000 0.7692307692 0.5573417127
0.0000000000 0.7948717949 0.4808486332
0.0000000000 0.8205128205 0.4048044454
0.0000000000 0.8461538462 0.3309915608
0.0000000000 0.8717948718 0.2611400907
0.0000000000 0.8974358974 0.1968872945
0.0000000000 0.9230769231 0.1397392032
0.0000000000 0.9487179487 0.0910353196
0.0000000000 0.9743589744 0.0519172215
0.0000000000 1.0000000000 0.0233018040
0.0256410256 0.0000000000 0.0000000000
0.0256410256 0.0256410256 0.0177406637
0.0256410256 0.0512820513 0.0409167769
0.0256410256 0.0769230769 0.0712929697
0.0256410256 0.1025641026 0.1092380608
0.0256410256 0.1282051282 0.1544503754
0.0256410256 0.1538461538 0.2062289358
0.0256410256 0.1794871795 0.2635982699
0.0256410256 0.2051282051 0.3253815488
0.0256410256 0.2307692308 0.3902540866
0.0256410256 0.2564102564 0.4567889521
0.0256410256 0.2820512821 0.5234991755
0.0256410256 0.3076923077 0.5888781650
0.0256410256 0.3333333333 0.6514387026
0.0256410256 0.3589743590 0.7097503224
0.0256410256 0.3846153846 0.7624746012
0.0256410256 0.4102564103 0.8083977804
0.0256410256 0.4358974359 0.8464601051
0.0256410256 0.4615384615 0.8757812876
0.0256410256 0.4871794872 0.8956815591
0.0256410256 0.5128205128 0.9056978549
0.0256410256 0.5384615385 0.9055947730
0.0256410256 0.5641025641 0.8953700587
0.0256410256 0.5897435897 0.8752544819
0.0256410256 0.6153846154 0.8457060950
0.0256410256 0.6410256410 0.8073989724
0.0256410256 0.6666666667 0.7612066429
0.0256410256 0.6923076923 0.7081805182
0.0256410256 0.7179487179 0.6495236839
0.0256410256 0.7435897436 0.5865604410
0.0256410256 0.7692307692 0.5207019255
0.0256410256 0.7948717949 0.4534079212
0.0256410256 0.8205128205 0.3861444519
0.0256410256 0.8461538462 0.3203354799
0.0256410256 0.8717948718 0.2573039199
0.0256410256 0.8974358974 0.1981888592
0.0256410256 0.9230769231 0.1438014817
0.0256410256 0.9487179487 0.0943035439
0.0256410256 0.9743589744 0.0483149414
0.0256410256 1.0000000000 0.0000000000
0.0512820513 0.0000000000 0.0000000000
0.0512820513 0.0256410256 0.0241860883
0.0512820513 0.0512820513 0.0513316678
0.0512820513 0.0769230769 0.0830998156
0.0512820513 0.1025641026 0.1201735733
0.0512820513 0.1282051282 0.1625952954
0.0512820513 0.1538461538 0.2099797957
0.0512820513 0.1794871795 0.2616424956
0.0512820513 0.2051282051 0.3166822679
0.0512820513 0.2307692308 0.3740413893
0.0512820513 0.2564102564 0.4325539012
0.0512820513 0.2820512821 0.4909878596
0.0512820513 0.3076923077 0.5480840171
0.0512820513 0.3333333333 0.6025919903
0.0512820513 0.3589743590 0.6533041961
0.0512820513 0.3846153846 0.6990874365
0.0512820513 0.4102564103 0.7389118095
0.0512820513 0.4358974359 0.7718765329
0.0512820513 0.4615384615 0.7972322442
0.0512820513 0.4871794872 0.8143993656
0.0512820513 0.5128205128 0.8229821706
0.0512820513 0.5384615385 0.8227782617
0.0512820513 0.5641025641 0.8137832517
0.0512820513 0.5897435897 0.7961905325
0.0512820513 0.6153846154 0.7703861070
0.0512820513 0.6410256410 0.7369385469
0.0512820513 0.6666666667 0.6965842166
0.0512820513 0.6923076923 0.6502079575
0.0512820513 0.7179487179 0.5988194450
0.0512820513 0.7435897436 0.5435253917
0.0512820513 0.7692307692 0.4854976163
0.0512820513 0.7948717949 0.4259366644
0.0512820513 0.8205128205 0.3660299525
0.0512820513 0.8461538462 0.3069019793
0.0512820513 0.8717948718 0.2495512432
0.0512820513 0.8974358974 0.1947627353
0.0512820513 0.9230769231 0.1429743168
0.0512820513 0.9487179487 0.0940624302
0.0512820513 0.9743589744 0.0470389988
0.0512820513 1.0000000000 0.0000000000
0.0769230769 0.0000000000 0.0000000000
0.0769230769 0.0256410256 0.0276720192
0.0769230769 0.0512820513 0.0571239852
0.0769230769 0.0769230769 0.0896010436
0.0769230769 0.1025641026 0.1257611112
0.0769230769 0.1282051282 0.1657774242
0.0769230769 0.1538461538 0.2094524409
0.0769230769 0.1794871795 0.2563096312
0.0769230769 0.2051282051 0.3056636183
0.0769230769 0.2307692308 0.3566752797
0.0769230769 0.2564102564 0.4083973801
0.0769230769 0.2820512821 0.4598143193
0.0769230769 0.3076923077 0.5098780266
0.0769230769 0.3333333333 0.5575410171
0.0769230769 0.3589743590 0.6017870056
0.0769230769 0.3846153846 0.6416591084
0.0769230769 0.4102564103 0.6762854570
0.0769230769 0.4358974359 0.7049019408
0.0769230769 0.4615384615 0.7268717581
0.0769230769 0.4871794872 0.7417014557
0.0769230769 0.5128205128 0.7490531675
0.0769230769 0.5384615385 0.7487528190
0.0769230769 0.5641025641 0.7407941218
0.0769230769 0.5897435897 0.7253382580
0.0769230769 0.6153846154 0.7027092229
0.0769230769 0.6410256410 0.6733848620
0.0769230769 0.6666666667 0.6379836910
0.0769230769 0.6923076923 0.5972476231
0.0769230769 0.7179487179 0.5520207217
0.0769230769 0.7435897436 0.5032240407
0.0769230769 0.7692307692 0.4518264620
0.0769230769 0.7948717949 0.3988111478
0.0769230769 0.8205128205 0.3451366970
0.0769230769 0.8461538462 0.2916912262
0.0769230769 0.8717948718 0.2392363256
0.0769230769 0.8974358974 0.1883365117
0.0769230769 0.9230769231 0.1392706122
0.0769230769 0.9487179487 0.0919328560
0.0769230769 0.9743589744 0.0457786208
0.0769230769 1.0000000000 0.0000000000
0.1025641026 0.0000000000 0.0000000000
0.1025641026 0.0256410256 0.0293779993
0.1025641026 0.0512820513 0.0598912023
0.1025641026 0.0769230769 0.0924192506
0.1025641026 0.1025641026 0.1274923883
0.1025641026 0.1282051282 0.1653008301
0.1025641026 0.1538461538 0.2057428899
0.1025641026 0.1794871795 0.2484799440
0.1025641026 0.2051282051 0.2929872650
0.1025641026 0.2307692308 0.3385986989
0.1025641026 0.2564102564 0.3845459850
0.1025641026 0.2820512821 0.4299939731
0.1025641026 0.3076923077 0.4740727128
0.1025641026 0.3333333333 0.5159070036
0.1025641026 0.3589743590 0.5546436565
0.1025641026 0.3846153846 0.5894764890
0.1025641026 0.4102564103 0.6196689224
0.1025641026 0.4358974359 0.6445739672
0.1025641026 0.4615384615 0.6636513435
0.1025641026 0.4871794872 0.6764814827
0.1025641026 0.5128205128 0.6827761759
0.1025641026 0.5384615385 0.6823856766
0.1025641026 0.5641025641 0.6753021107
0.1025641026 0.5897435897 0.6616591079
0.1025641026 0.6153846154 0.6417276191
0.1025641026 0.6410256410 0.6159079430
0.1025641026 0.6666666667 0.5847180199
0.1025641026 0.6923076923 0.5487780819
0.1025641026 0.7179487179 0.5087917403
0.1025641026 0.7435897436 0.4655235523
0.1025641026 0.7692307692 0.4197730107
0.1025641026 0.7948717949 0.3723447387
0.1025641026 0.8205128205 0.3240144351
0.1025641026 0.8461538462 0.2754898805
0.1025641026 0.8717948718 0.2273663021
0.1025641026 0.8974358974 0.1800763581
0.1025641026 0.9230769231 0.1338387526
0.1025641026 0.9487179487 0.0886197531
0.1025641026 0.9743589744 0.0441426246
0.1025641026 1.0000000000 0.0000000000
0.1282051282 0.0000000000 0.0000000000
0.1282051282 0.0256410256 0.0299487703
0.1282051282 0.0512820513 0.0606435639
0.1282051282 0.0769230769 0.0926923527
0.1282051282 0.1025641026 0.1264883410
0.1282051282 0.1282051282 0.1621905926
0.1282051282 0.1538461538 0.1997383145
0.1282051282 0.1794871795 0.2388799554
0.1282051282 0.2051282051 0.2792067602
0.1282051282 0.2307692308 0.3201862228
0.1282051282 0.2564102564 0.3611938415
0.1282051282 0.2820512821 0.4015428251
0.1282051282 0.3076923077 0.4405117947
0.1282051282 0.3333333333 0.4773705721
0.1282051282 0.3589743590 0.5114040696
0.1282051282 0.3846153846 0.5419342083
0.1282051282 0.4102564103 0.5683397144
0.1282051282 0.4358974359 0.5900735988
0.1282051282 0.4615384615 0.6066781019
0.1282051282 0.4871794872 0.6177968910
0.1282051282 0.5128205128 0.6231843124
0.1282051282 0.5384615385 0.6227115366
0.1282051282 0.5641025641 0.6163694734
0.1282051282 0.5897435897 0.6042683815
0.1282051282 0.6153846154 0.5866341423
0.1282051282 0.6410256410 0.5638012126
0.1282051282 0.6666666667 0.5362023078
0.1282051282 0.6923076923 0.5043548911
0.1282051282 0.7179487179 0.4688445554
0.1282051282 0.7435897436 0.4303053708
0.1282051282 0.7692307692 0.3893972471
0.1282051282 0.7948717949 0.3467803222
0.1282051282 0.8205128205 0.3030863900
0.1282051282 0.8461538462 0.2588875284
0.1282051282 0.8717948718 0.2146626189
0.1282051282 0.8974358974 0.1707638456
0.1282051282 0.9230769231 0.1273882716
0.1282051282 0.9487179487 0.0845647687
0.1282051282 0.9743589744 0.0421721192
0.1282051282 1.0000000000 0.0000000000
0.1538461538 0.0000000000 0.0000000000
0.1538461538 0.0256410256 0.0297735117
0.1538461538 0.0512820513 0.0600419175
0.1538461538 0.0769230769 0.0912182361
0.1538461538 0.1025641026 0.1235780052
0.1538461538 0.1282051282 0.1572348533
0.1538461538 0.1538461538 0.1921397831
0.1538461538 0.1794871795 0.2280947602
0.1538461538 0.2051282051 0.2647735494
0.1538461538 0.2307692308 0.3017455376
0.1538461538 0.2564102564 0.3385002755
0.1538461538 0.2820512821 0.3744716291
0.1538461538 0.3076923077 0.4090610031
0.1538461538 0.3333333333 0.4416593512
0.1538461538 0.3589743590 0.4716677692
0.1538461538 0.3846153846 0.4985164853
0.1538461538 0.4102564103 0.5216820514
0.1538461538 0.4358974359 0.5407025332
0.1538461538 0.4615384615 0.5551904949
0.1538461538 0.4871794872 0.5648435872
0.1538461538 0.5128205128 0.5694525663
0.1538461538 0.5384615385 0.5689066045
0.1538461538 0.5641025641 0.5631957864
0.1538461538 0.5897435897 0.5524107258
0.1538461538 0.6153846154 0.5367392813
0.1538461538 0.6410256410 0.5164603851
0.1538461538 0.6666666667 0.4919350382
0.1538461538 0.6923076923 0.4635945537
0.1538461538 0.7179487179 0.4319261574
0.1538461538 0.7435897436 0.3974560706
0.1538461538 0.7692307692 0.3607302317
0.1538461538 0.7948717949 0.3222928650
0.1538461538 0.8205128205 0.2826632314
0.1538461538 0.8461538462 0.2423111871
0.1538461538 0.8717948718 0.2016327681
0.1538461538 0.8974358974 0.1609281086
0.1538461538 0.9230769231 0.1203857003
0.1538461538 0.9487179487 0.0800789181
0.1538461538 0.9743589744 0.0399810772
0.1538461538 1.0000000000 0.0000000000
0.1794871795 0.0000000000 0.0000000000
0.1794871795 0.0256410256 0.0291033514
0.1794871795 0.0512820513 0.0585323430
0.1794871795 0.0769230769 0.0885606463
0.1794871795 0.1025641026 0.1193705604
0.1794871795 0.1282051282 0.1510309951
0.1794871795 0.1538461538 0.1834911604
0.1794871795 0.1794871795 0.2165857021
0.1794871795 0.2051282051 0.2500470828
0.1794871795 0.2307692308 0.2835220397
0.1794871795 0.2564102564 0.3165900254
0.1794871795 0.2820512821 0.3487823391
0.1794871795 0.3076923077 0.3796011594
0.1794871795 0.3333333333 0.4085379783
0.1794871795 0.3589743590 0.4350910851
0.1794871795 0.3846153846 0.4587818237
0.1794871795 0.4102564103 0.4791693816
0.1794871795 0.4358974359 0.4958638948
0.1794871795 0.4615384615 0.5085376633
0.1794871795 0.4871794872 0.5169343018
0.1794871795 0.5128205128 0.5208756662
0.1794871795 0.5384615385 0.5202664348
0.1794871795 0.5641025641 0.5150962489
0.1794871795 0.5897435897 0.5054393628
0.1794871795 0.6153846154 0.4914517833
0.1794871795 0.6410256410 0.4733659229
0.1794871795 0.6666666667 0.4514828239
0.1794871795 0.6923076923 0.4261620501
0.1794871795 0.7179487179 0.3978093766
0.1794871795 0.7435897436 0.3668624540
0.1794871795 0.7692307692 0.3337746813
0.1794871795 0.7948717949 0.2989976178
0.1794871795 0.8205128205 0.2629624327
0.1794871795 0.8461538462 0.2260611764
0.1794871795 0.8717948718 0.1886291207
0.1794871795 0.8974358974 0.1509300903
0.1794871795 0.9230769231 0.1131474803
0.1794871795 0.9487179487 0.0753841110
0.1794871795 0.9743589744 0.0376732639
0.1794871795 1.0000000000 0.0000000000
0.2051282051 0.0000000000 0.0000000000
0.2051282051 0.0256410256 0.0281075422
0.2051282051 0.0512820513 0.0564234394
0.2051282051 0.0769230769 0.0851214196
0.2051282051 0.1025641026 0.1143125604
0.2051282051 0.1282051282 0.1440273637
0.2051282051 0.1538461538 0.1742081107
0.2051282051 0.1794871795 0.2047097466
0.2051282051 0.2051282051 0.2353069745
0.2051282051 0.2307692308 0.2657054407
0.2051282051 0.2564102564 0.2955553688
0.2051282051 0.2820512821 0.3244664582
0.2051282051 0.3076923077 0.3520232273
0.2051282051 0.3333333333 0.3778002229
0.2051282051 0.3589743590 0.4013766709
0.2051282051 0.3846153846 0.4223502406
0.2051282051 0.4102564103 0.4403496520
0.2051282051 0.4358974359 0.4550458941
0.2051282051 0.4615384615 0.4661618536
0.2051282051 0.4871794872 0.4734801813
0.2051282051 0.5128205128 0.4768492532
0.2051282051 0.5384615385 0.4761871112
0.2051282051 0.5641025641 0.4714833048
0.2051282051 0.5897435897 0.4627985884
0.2051282051 0.6153846154 0.4502624643
0.2051282051 0.6410256410 0.4340686006
0.2051282051 0.6666666667 0.4144681901
0.2051282051 0.6923076923 0.3917613564
0.2051282051 0.7179487179 0.3662867603
0.2051282051 0.7435897436 0.3384096090
0.2051282051 0.7692307692 0.3085083494
0.2051282051 0.7948717949 0.2769604265
0.2051282051 0.8205128205 0.2441276472
0.2051282051 0.8461538462 0.2103419144
0.2051282051 0.8717948718 0.1758924051
0.2051282051 0.8974358974 0.1410156172
0.2051282051 0.9230769231 0.1058899935
0.2051282051 0.9487179487 0.0706367643
0.2051282051 0.9743589744 0.0353278585
0.2051282051 1.0000000000 0.0000000000
0.2307692308 0.0000000000 0.0000000000
0.2307692308 0.0256410256 0.0269033683
0.2307692308 0.0512820513 0.0539324330
0.2307692308 0.0769230769 0.0811890029
0.2307692308 0.1025641026 0.1087308591
0.2307692308 0.1282051282 0.1365577405
0.2307692308 0.1538461538 0.1646041150
0.2307692308 0.1794871795 0.1927381338
0.2307692308 0.2051282051 0.2207655540
0.2307692308 0.2307692308 0.2484372987
0.2307692308 0.2564102564 0.2754594626
0.2307692308 0.2820512821 0.3015048024
0.2307692308 0.3076923077 0.3262249679
0.2307692308 0.3333333333 0.3492629092
0.2307692308 0.3589743590 0.3702650242
0.2307692308 0.3846153846 0.3888927011
0.2307692308 0.4102564103 0.4048329740
0.2307692308 0.4358974359 0.4178080561
0.2307692308 0.4615384615 0.4275835539
0.2307692308 0.4871794872 0.4339751943
0.2307692308 0.5128205128 0.4368539317
0.2307692308 0.5384615385 0.4361493302
0.2307692308 0.5641025641 0.4318511506
0.2307692308 0.5897435897 0.4240091039
0.2307692308 0.6153846154 0.4127307703
0.2307692308 0.6410256410 0.3981777146
0.2307692308 0.6666666667 0.3805598731
0.2307692308 0.6923076923 0.3601283244
0.2307692308 0.7179487179 0.3371666042
0.2307692308 0.7435897436 0.3119807839
0.2307692308 0.7692307692 0.2848885995
0.2307692308 0.7948717949 0.2562080181
0.2307692308 0.8205128205 0.2262457495
0.2307692308 0.8461538462 0.1952863720
0.2307692308 0.8717948718 0.1635829201
0.2307692308 0.8974358974 0.1313499411
0.2307692308 0.9230769231 0.0987600828
0.2307692308 0.9487179487 0.0659450746
0.2307692308 0.9743589744 0.0330013957
0.2307692308 1.0000000000 0.0000000000
0.2564102564 0.0000000000 0.0000000000
0.2564102564 0.0256410256 0.0255734870
0.2564102564 0.0512820513 0.0512138997
0.2564102564 0.0769230769 0.0769712676
0.2564102564 0.1025641026 0.1028640897
0.2564102564 0.1282051282 0.1288685711
0.2564102564 0.1538461538 0.1549124123
0.2564102564 0.1794871795 0.1808730473
0.2564102564 0.2051282051 0.2065797279
0.2564102564 0.2307692308 0.2318186476
0.2564102564 0.2564102564 0.2563402829
0.2564102564 0.2820512821 0.2798682163
0.2564102564 0.3076923077 0.3021088214
0.2564102564 0.3333333333 0.3227613044
0.2564102564 0.3589743590 0.3415276933
0.2564102564 0.3846153846 0.3581224394
0.2564102564 0.4102564103 0.3722813568
0.2564102564 0.4358974359 0.3837696698
0.2564102564 0.4615384615 0.3923889772
0.2564102564 0.4871794872 0.3979829751
0.2564102564 0.5128205128 0.4004418140
0.2564102564 0.5384615385 0.3997049932
0.2564102564 0.5641025641 0.3957627307
0.2564102564 0.5897435897 0.3886557766
0.2564102564 0.6153846154 0.3784736720
0.2564102564 0.6410256410 0.3653514921
0.2564102564 0.6666666667 0.3494651463
0.2564102564 0.6923076923 0.3310253523
0.2564102564 0.7179487179 0.3102704436
0.2564102564 0.7435897436 0.2874582253
0.2564102564 0.7692307692 0.2628571570
0.2564102564 0.7948717949 0.2367372157
0.2564102564 0.8205128205 0.2093608883
0.2564102564 0.8461538462 0.1809748412
0.2564102564 0.8717948718 0.1518029090
0.2564102564 0.8974358974 0.1220411016
0.2564102564 0.9230769231 0.0918552897
0.2564102564 0.9487179487 0.0613820339
0.2564102564 0.9743589744 0.0307326390
0.2564102564 1.0000000000 0.0000000000
0.2820512821 0.0000000000 0.0000000000
0.2820512821 0.0256410256 0.0241766680
0.2820512821 0.0512820513 0.0483783879
0.2820512821 0.0769230769 0.0726180427
0.2820512821 0.1025641026 0.0968856146
0.2820512821 0.1282051282 0.1211399842
0.2820512821 0.1538461538 0.1453038473
0.2820512821 0.1794871795 0.1692618365
0.2820512821 0.2051282051 0.1928615744
0.2820512821 0.2307692308 0.2159171834
0.2820512821 0.2564102564 0.2382146990
0.2820512821 0.2820512821 0.2595188445
0.2820512821 0.3076923077 0.2795806758
0.2820512821 0.3333333333 0.2981456664
0.2820512821 0.3589743590 0.3149618723
0.2820512821 0.3846153846 0.3297878686
0.2820512821 0.4102564103 0.3424002025
0.2820512821 0.4358974359 0.3526001451
0.2820512821 0.4615384615 0.3602195639
0.2820512821 0.4871794872 0.3651257680
0.2820512821 0.5128205128 0.3672252089
0.2820512821 0.5384615385 0.3664659518
0.2820512821 0.5641025641 0.3628388584
0.2820512821 0.5897435897 0.3563774583
0.2820512821 0.6153846154 0.3471565114
0.2820512821 0.6410256410 0.3352893025
0.2820512821 0.6666666667 0.3209237404
0.2820512821 0.6923076923 0.3042373740
0.2820512821 0.7179487179 0.2854314783
0.2820512821 0.7435897436 0.2647244108
0.2820512821 0.7692307692 0.2423444900
0.2820512821 0.7948717949 0.2185227108
0.2820512821 0.8205128205 0.1934856682
0.2820512821 0.8461538462 0.1674491272
0.2820512821 0.8717948718 0.1406127154
0.2820512821 0.8974358974 0.1131562200
0.2820512821 0.9230769231 0.0852379053
0.2820512821 0.9487179487 0.0569951087
0.2820512821 0.9743589744 0.0285471146
0.2820512821 1.0000000000 0.0000000000
0.3076923077 0.0000000000 0.0000000000
0.3076923077 0.0256410256 0.0227547846
0.3076923077 0.0512820513 0.0455049156
0.3076923077 0.0769230769 0.0682368630
0.3076923077 0.1025641026 0.0909202916
0.3076923077 0.1282051282 0.1135018418
0.3076923077 0.1538461538 0.1359010830
0.3076923077 0.1794871795 0.1580087924
0.3076923077 0.2051282051 0.1796874547
0.3076923077 0.2307692308 0.2007737078
0.3076923077 0.2564102564 0.2210823710
0.3076923077 0.2820512821 0.2404116646
0.3076923077 0.3076923077 0.2585492409
0.3076923077 0.3333333333 0.2752786763
0.3076923077 0.3589743590 0.2903861180
0.3076923077 0.3846153846 0.3036668126
0.3076923077 0.4102564103 0.3149312878
0.3076923077 0.4358974359 0.3240109893
0.3076923077 0.4615384615 0.3307632085
0.3076923077 0.4871794872 0.3350751661
0.3076923077 0.5128205128 0.3368671441
0.3076923077 0.5384615385 0.3360945896
0.3076923077 0.5641025641 0.3327491380
0.3076923077 0.5897435897 0.3268585350
0.3076923077 0.6153846154 0.3184854652
0.3076923077 0.6410256410 0.3077253233
0.3076923077 0.6666666667 0.2947030018
0.3076923077 0.6923076923 0.2795687948
0.3076923077 0.7179487179 0.2624935627
0.3076923077 0.7435897436 0.2436633354
0.3076923077 0.7692307692 0.2232735767
0.3076923077 0.7948717949 0.2015233744
0.3076923077 0.8205128205 0.1786098619
0.3076923077 0.8461538462 0.1547232105
0.3076923077 0.8717948718 0.1300425436
0.3076923077 0.8974358974 0.1047331075
0.3076923077 0.9230769231 0.0789449648
0.3076923077 0.9487179487 0.0528133558
0.3076923077 0.9743589744 0.0264606978
0.3076923077 1.0000000000 0.0000000000
0.3333333333 0.0000000000 0.0000000000
0.3333333333 0.0256410256 0.0213375412
0.3333333333 0.0512820513 0.0426496000
0.3333333333 0.0769230769 0.0639041618
0.3333333333 0.1025641026 0.0850567940
0.3333333333 0.1282051282 0.1060459426
0.3333333333 0.1538461538 0.1267897723
0.3333333333 0.1794871795 0.1471847056
0.3333333333 0.2051282051 0.1671056435
0.3333333333 0.2307692308 0.1864077109
0.3333333333 0.2564102564 0.2049292915
0.3333333333 0.2820512821 0.2224960721
0.3333333333 0.3076923077 0.2389258084
0.3333333333 0.3333333333 0.2540335345
0.3333333333 0.3589743590 0.2676369592
0.3333333333 0.3846153846 0.2795618191
0.3333333333 0.4102564103 0.2896469855
0.3333333333 0.4358974359 0.2977491512
0.3333333333 0.4615384615 0.3037469481
0.3333333333 0.4871794872 0.3075443759
0.3333333333 0.5128205128 0.3090734440
0.3333333333 0.5384615385 0.3082959579
0.3333333333 0.5641025641 0.3052044044
0.3333333333 0.5897435897 0.2998219175
0.3333333333 0.6153846154 0.2922013338
0.3333333333 0.6410256410 0.2824233722
0.3333333333 0.6666666667 0.2705940034
0.3333333333 0.6923076923 0.2568411025
0.3333333333 0.7179487179 0.2413105121
0.3333333333 0.7435897436 0.2241616703
0.3333333333 0.7692307692 0.2055629958
0.3333333333 0.7948717949 0.1856872474
0.3333333333 0.8205128205 0.1647071049
0.3333333333 0.8461538462 0.1427912312
0.3333333333 0.8717948718 0.1201010752
0.3333333333 0.8974358974 0.0967886484
0.3333333333 0.9230769231 0.0729954505
0.3333333333 0.9487179487 0.0488526250
0.3333333333 0.9743589744 0.0244823074
0.3333333333 1.0000000000 0.0000000000
0.3589743590 0.0000000000 0.0000000000
0.3589743590 0.0256410256 0.0199457661
0.3589743590 0.0512820513 0.0398517529
0.3589743590 0.0769230769 0.0596733481
0.3589743590 0.1025641026 0.0793567239
0.3589743590 0.1282051282 0.0988352932
0.3589743590 0.1538461538 0.1180272758
0.3589743590 0.1794871795 0.1368345199
0.3589743590 0.2051282051 0.1551425966
0.3589743590 0.2307692308 0.1728220835
0.3589743590 0.2564102564 0.1897308846
0.3589743590 0.2820512821 0.2057173871
0.3589743590 0.3076923077 0.2206242409
0.3589743590 0.3333333333 0.2342925411
0.3589743590 0.3589743590 0.2465662056
0.3589743590 0.3846153846 0.2572963538
0.3589743590 0.4102564103 0.2663455143
0.3589743590 0.4358974359 0.2735915087
0.3589743590 0.4615384615 0.2789308814
0.3589743590 0.4871794872 0.2822817689
0.3589743590 0.5128205128 0.2835861217
0.3589743590 0.5384615385 0.2828112183
0.3589743590 0.5641025641 0.2799504310
0.3589743590 0.5897435897 0.2750232269
0.3589743590 0.6153846154 0.2680744151
0.3589743590 0.6410256410 0.2591726688
0.3589743590 0.6666666667 0.2484083839
0.3589743590 0.6923076923 0.2358909544
0.3589743590 0.7179487179 0.2217455759
0.3589743590 0.7435897436 0.2061097105
0.3589743590 0.7692307692 0.1891293715
0.3589743590 0.7948717949 0.1709554082
0.3589743590 0.8205128205 0.1517399846
0.3589743590 0.8461538462 0.1316334523
0.3589743590 0.8717948718 0.1107818084
0.3589743590 0.8974358974 0.0893249045
0.3589743590 0.9230769231 0.0673955215
0.3589743590 0.9487179487 0.0451193578
0.3589743590 0.9743589744 0.0226158927
0.3589743590 1.0000000000 0.0000000000
0.3846153846 0.0000000000 0.0000000000
0.3846153846 0.0256410256 0.0185937554
0.3846153846 0.0512820513 0.0371382681
0.3846153846 0.0769230769 0.0555807094
0.3846153846 0.1025641026 0.0738614020
0.3846153846 0.1282051282 0.0919111583
0.3846153846 0.1538461538 0.1096494321
0.3846153846 0.1794871795 0.1269834032
0.3846153846 0.2051282051 0.1438080287
0.3846153846 0.2307692308 0.1600070199
0.3846153846 0.2564102564 0.1754546433
0.3846153846 0.2820512821 0.1900182080
0.3846153846 0.3076923077 0.2035610751
0.3846153846 0.3333333333 0.2159460238
0.3846153846 0.3589743590 0.2270388017
0.3846153846 0.3846153846 0.2367117038
0.3846153846 0.4102564103 0.2448470322
0.3846153846 0.4358974359 0.2513403072
0.3846153846 0.4615384615 0.2561031170
0.3846153846 0.4871794872 0.2590655124
0.3846153846 0.5128205128 0.2601778713
0.3846153846 0.5384615385 0.2594121798
0.3846153846 0.5641025641 0.2567626936
0.3846153846 0.5897435897 0.2522459671
0.3846153846 0.6153846154 0.2459002585
0.3846153846 0.6410256410 0.2377843376
0.3846153846 0.6666666667 0.2279757493
0.3846153846 0.6923076923 0.2165686035
0.3846153846 0.7179487179 0.2036709840
0.3846153846 0.7435897436 0.1894020915
0.3846153846 0.7692307692 0.1738892493
0.3846153846 0.7948717949 0.1572649185
0.3846153846 0.8205128205 0.1396638746
0.3846153846 0.8461538462 0.1212206992
0.3846153846 0.8717948718 0.1020677292
0.3846153846 0.8974358974 0.0823335813
0.3846153846 0.9230769231 0.0621423292
0.3846153846 0.9487179487 0.0416133624
0.3846153846 0.9743589744 0.0208618906
0.3846153846 1.0000000000 0.0000000000
0.4102564103 0.0000000000 0.0000000000
0.4102564103 0.0256410256 0.0172909723
0.4102564103 0.0512820513 0.0345268238
0.4102564103 0.0769230769 0.0516497740
0.4102564103 0.1025641026 0.0685969560
0.4102564103 0.1282051282 0.0852984310
0.4102564103 0.1538461538 0.1016758026
0.4102564103 0.1794871795 0.1176415301
0.4102564103 0.2051282051 0.1330989805
0.4102564103 0.2307692308 0.1479431973
0.4102564103 0.2564102564 0.1620623234
0.4102564103 0.2820512821 0.1753395785
0.4102564103 0.3076923077 0.1876556709
0.4102564103 0.3333333333 0.1988915121
0.4102564103 0.3589743590 0.2089311013
0.4102564103 0.3846153846 0.2176644491
0.4102564103 0.4102564103 0.2249904203
0.4102564103 0.4358974359 0.2308193841
0.4102564103 0.4615384615 0.2350755778
0.4102564103 0.4871794872 0.2376991016
0.4102564103 0.5128205128 0.2386474807
0.4102564103 0.5384615385 0.2378967467
0.4102564103 0.5641025641 0.2354420095
0.4102564103 0.5897435897 0.2312975063
0.4102564103 0.6153846154 0.2254961358
0.4102564103 0.6410256410 0.2180885013
0.4102564103 0.6666666667 0.2091415072
0.4102564103 0.6923076923 0.1987365693
0.4102564103 0.7179487179 0.1869675174
0.4102564103 0.7435897436 0.1739382845
0.4102564103 0.7692307692 0.1597604892
0.4102564103 0.7948717949 0.1445510275
0.4102564103 0.8205128205 0.1284297942
0.4102564103 0.8461538462 0.1115176519
0.4102564103 0.8717948718 0.0939347533
0.4102564103 0.8974358974 0.0757993018
0.4102564103 0.9230769231 0.0572268061
0.4102564103 0.9487179487 0.0383298414
0.4102564103 0.9743589744 0.0192182921
0.4102564103 1.0000000000 0.0000000000
0.4358974359 0.0000000000 0.0000000000
0.4358974359 0.0256410256 0.0160432940
0.4358974359 0.0512820513 0.0320282494
0.4358974359 0.0769230769 0.0478945598
0.4358974359 0.1025641026 0.0635781549
0.4358974359 0.1282051282 0.0790097305
0.4358974359 0.1538461538 0.0941137258
0.4358974359 0.1794871795 0.1088078294
0.4358974359 0.2051282051 0.1230030483
0.4358974359 0.2307692308 0.1366043355
0.4358974359 0.2564102564 0.1495117330
0.4358974359 0.2820512821 0.1616219600
0.4358974359 0.3076923077 0.1728303566
0.4358974359 0.3333333333 0.1830330828
0.4358974359 0.3589743590 0.1921294651
0.4358974359 0.3846153846 0.2000243879
0.4358974359 0.4102564103 0.2066306275
0.4358974359 0.4358974359 0.2118710390
0.4358974359 0.4615384615 0.2156805138
0.4358974359 0.4871794872 0.2180076398
0.4358974359 0.5128205128 0.2188160073
0.4358974359 0.5384615385 0.2180851223
0.4358974359 0.5641025641 0.2158108994
0.4358974359 0.5897435897 0.2120057246
0.4358974359 0.6153846154 0.2066980938
0.4358974359 0.6410256410 0.1999318475
0.4358974359 0.6666666667 0.1917650392
0.4358974359 0.6923076923 0.1822684879
0.4358974359 0.7179487179 0.1715240799
0.4358974359 0.7435897436 0.1596228985
0.4358974359 0.7692307692 0.1466632655
0.4358974359 0.7948717949 0.1327487902
0.4358974359 0.8205128205 0.1179865180
0.4358974359 0.8461538462 0.1024852699
0.4358974359 0.8717948718 0.0863542533
0.4358974359 0.8974358974 0.0697020047
0.4358974359 0.9230769231 0.0526357049
0.4358974359 0.9487179487 0.0352608735
0.4358974359 0.9743589744 0.0176814207
0.4358974359 1.0000000000 0.0000000000
0.4615384615 0.0000000000 0.0000000000
0.4615384615 0.0256410256 0.0148539383
0.4615384615 0.0512820513 0.0296482881
0.4615384615 0.0769230769 0.0443220131
0.4615384615 0.1025641026 0.0588113101
0.4615384615 0.1282051282 0.0730485318
0.4615384615 0.1538461538 0.0869614480
0.4615384615 0.1794871795 0.1004729066
0.4615384615 0.2051282051 0.1135009276
0.4615384615 0.2307692308 0.1259592309
0.4615384615 0.2564102564 0.1377581691
0.4615384615 0.2820512821 0.1488060169
0.4615384615 0.3076923077 0.1590105482
0.4615384615 0.3333333333 0.1682808241
0.4615384615 0.3589743590 0.1765291080
0.4615384615 0.3846153846 0.1836728230
0.4615384615 0.4102564103 0.1896364708
0.4615384615 0.4358974359 0.1943534346
0.4615384615 0.4615384615 0.1977676004
0.4615384615 0.4871794872 0.1998347367
0.4615384615 0.5128205128 0.2005235866
0.4615384615 0.5384615385 0.1998166373
0.4615384615 0.5641025641 0.1977105454
0.4615384615 0.5897435897 0.1942162070
0.4615384615 0.6153846154 0.1893584803
0.4615384615 0.6410256410 0.1831755751
0.4615384615 0.6666666667 0.1757181412
0.4615384615 0.6923076923 0.1670480985
0.4615384615 0.7179487179 0.1572372611
0.4615384615 0.7435897436 0.1463658199
0.4615384615 0.7692307692 0.1345207516
0.4615384615 0.7948717949 0.1217942299
0.4615384615 0.8205128205 0.1082821108
0.4615384615 0.8461538462 0.0940825637
0.4615384615 0.8717948718 0.0792949069
0.4615384615 0.8974358974 0.0640186955
0.4615384615 0.9230769231 0.0483530874
0.4615384615 0.9487179487 0.0323964950
0.4615384615 0.9743589744 0.0162465011
0.4615384615 1.0000000000 0.0000000000
0.4871794872 0.0000000000 0.0000000000
0.4871794872 0.0256410256 0.0137241549
0.4871794872 0.0512820513 0.0273889189
0.4871794872 0.0769230769 0.0409338461
0.4871794872 0.1025641026 0.0542964763
0.4871794872 0.1282051282 0.0674115592
0.4871794872 0.1538461538 0.0802105337
0.4871794872 0.1794871795 0.0926213131
0.4871794872 0.2051282051 0.1045684031
0.4871794872 0.2307692308 0.1159733569
0.4871794872 0.2564102564 0.1267555495
0.4871794872 0.2820512821 0.1368332334
0.4871794872 0.3076923077 0.1461248284
0.4871794872 0.3333333333 0.1545503820
0.4871794872 0.3589743590 0.1620331366
0.4871794872 0.3846153846 0.1685011361
0.4871794872 0.4102564103 0.1738888035
0.4871794872 0.4358974359 0.1781384298
0.4871794872 0.4615384615 0.1812015154
0.4871794872 0.4871794872 0.1830399176
0.4871794872 0.5128205128 0.1836267626
0.4871794872 0.5384615385 0.1829470941
0.4871794872 0.5641025641 0.1809982393
0.4871794872 0.5897435897 0.1777898831
0.4871794872 0.6153846154 0.1733438560
0.4871794872 0.6410256410 0.1676936483
0.4871794872 0.6666666667 0.1608836766
0.4871794872 0.6923076923 0.1529683370
0.4871794872 0.7179487179 0.1440108893
0.4871794872 0.7435897436 0.1340822223
0.4871794872 0.7692307692 0.1232595569
0.4871794872 0.7948717949 0.1116251452
0.4871794872 0.8205128205 0.0992650233
0.4871794872 0.8461538462 0.0862678729
0.4871794872 0.8717948718 0.0727240358
0.4871794872 0.8974358974 0.0587247187
0.4871794872 0.9230769231 0.0443614058
0.4871794872 0.9487179487 0.0297254854
0.4871794872 0.9743589744 0.0149080726
0.4871794872 1.0000000000 0.0000000000
0.5128205128 0.0000000000 0.0000000000
0.5128205128 0.0256410256 0.0126537459
0.5128205128 0.0512820513 0.0252493538
0.5128205128 0.0769230769 0.0377279273
0.5128205128 0.1025641026 0.0500291252
0.5128205128 0.1282051282 0.0620906150
0.5128205128 0.1538461538 0.0738477198
0.5128205128 0.1794871795 0.0852333000
0.5128205128 0.2051282051 0.0961778921
0.5128205128 0.2307692308 0.1066101092
0.5128205128 0.2564102564 0.1164572914
0.5128205128 0.2820512821 0.1256463810
0.5128205128 0.3076923077 0.1341049824
0.5128205128 0.3333333333 0.1417625623
0.5128205128 0.3589743590 0.1485517363
0.5128205128 0.3846153846 0.1544095906
0.5128205128 0.4102564103 0.1592789815
0.5128205128 0.4358974359 0.1631097658
0.5128205128 0.4615384615 0.1658599115
0.5128205128 0.4871794872 0.1674964521
0.5128205128 0.5128205128 0.1679962483
0.5128205128 0.5384615385 0.1673465349
0.5128205128 0.5641025641 0.1655452348
0.5128205128 0.5897435897 0.1626010343
0.5128205128 0.6153846154 0.1585332217
0.5128205128 0.6410256410 0.1533713014
0.5128205128 0.6666666667 0.1471544033
0.5128205128 0.6923076923 0.1399305159
0.5128205128 0.7179487179 0.1317555788
0.5128205128 0.7435897436 0.1226924760
0.5128205128 0.7692307692 0.1128099733
0.5128205128 0.7948717949 0.1021816481
0.5128205128 0.8205128205 0.0908848555
0.5128205128 0.8461538462 0.0789997741
0.5128205128 0.8717948718 0.0666085650
0.5128205128 0.8974358974 0.0537946730
0.5128205128 0.9230769231 0.0406422831
0.5128205128 0.9487179487 0.0272359354
0.5128205128 0.9743589744 0.0136602873
0.5128205128 1.0000000000 0.0000000000
0.5384615385 0.0000000000 0.0000000000
0.5384615385 0.0256410256 0.0116414585
0.5384615385 0.0512820513 0.0232267905
0.5384615385 0.0769230769 0.0346993352
0.5384615385 0.1025641026 0.0460014177
0.5384615385 0.1282051282 0.0570739759
0.5384615385 0.1538461538 0.0678563356
0.5384615385 0.1794871795 0.0782861660
0.5384615385 0.2051282051 0.0882996338
0.5384615385 0.2307692308 0.0978317610
0.5384615385 0.2564102564 0.1068169789
0.5384615385 0.2820512821 0.1151898587
0.5384615385 0.3076923077 0.1228859902
0.5384615385 0.3333333333 0.1298429718
0.5384615385 0.3589743590 0.1360014717
0.5384615385 0.3846153846 0.1413063177
0.5384615385 0.4102564103 0.1457075704
0.5384615385 0.4358974359 0.1491615406
0.5384615385 0.4615384615 0.1516317104
0.5384615385 0.4871794872 0.1530895271
0.5384615385 0.5128205128 0.1535150399
0.5384615385 0.5384615385 0.1528973600
0.5384615385 0.5641025641 0.1512349311
0.5384615385 0.5897435897 0.1485356017
0.5384615385 0.6153846154 0.1448165043
0.5384615385 0.6410256410 0.1401037481
0.5384615385 0.6666666667 0.1344319428
0.5384615385 0.6923076923 0.1278435766
0.5384615385 0.7179487179 0.1203882763
0.5384615385 0.7435897436 0.1121219826
0.5384615385 0.7692307692 0.1031060770
0.5384615385 0.7948717949 0.0934064958
0.5384615385 0.8205128205 0.0830928677
0.5384615385 0.8461538462 0.0722377082
0.5384615385 0.8717948718 0.0609156971
0.5384615385 0.8974358974 0.0492030607
0.5384615385 0.9230769231 0.0371770694
0.5384615385 0.9487179487 0.0249156529
0.5384615385 0.9743589744 0.0124971250
0.5384615385 1.0000000000 0.0000000000
0.5641025641 0.0000000000 0.0000000000
0.5641025641 0.0256410256 0.0106852811
0.5641025641 0.0512820513 0.0213169820
0.5641025641 0.0769230769 0.0318411569
0.5641025641 0.1025641026 0.0422031704
0.5641025641 0.1282051282 0.0523474559
0.5641025641 0.1538461538 0.0622173866
0.5641025641 0.1794871795 0.0717552865
0.5641025641 0.2051282051 0.0809025945
0.5641025641 0.2307692308 0.0896001878
0.5641025641 0.2564102564 0.0977888584
0.5641025641 0.2820512821 0.1054099280
0.5641025641 0.3076923077 0.1124059813
0.5641025641 0.3333333333 0.1187216874
0.5641025641 0.3589743590 0.1243046780
0.5641025641 0.3846153846 0.1291064486
0.5641025641 0.4102564103 0.1330832474
0.5641025641 0.4358974359 0.1361969172
0.5641025641 0.4615384615 0.1384156614
0.5641025641 0.4871794872 0.1397147038
0.5641025641 0.5128205128 0.1400768216
0.5641025641 0.5384615385 0.1394927332
0.5641025641 0.5641025641 0.1379613293
0.5641025641 0.5897435897 0.1354897426
0.5641025641 0.6153846154 0.1320932565
0.5641025641 0.6410256410 0.1277950609
0.5641025641 0.6666666667 0.1226258679
0.5641025641 0.6923076923 0.1166234048
0.5641025641 0.7179487179 0.1098318101
0.5641025641 0.7435897436 0.1023009550
0.5641025641 0.7692307692 0.0940857221
0.5641025641 0.7948717949 0.0852452687
0.5641025641 0.8205128205 0.0758423030
0.5641025641 0.8461538462 0.0659423997
0.5641025641 0.8717948718 0.0556133751
0.5641025641 0.8974358974 0.0449247392
0.5641025641 0.9230769231 0.0339472324
0.5641025641 0.9487179487 0.0227524494
0.5641025641 0.9743589744 0.0114125436
0.5641025641 1.0000000000 0.0000000000
0.5897435897 0.0000000000 0.0000000000
0.5897435897 0.0256410256 0.0097826679
0.5897435897 0.0512820513 0.0195146676
0.5897435897 0.0769230769 0.0291450920
0.5897435897 0.1025641026 0.0386225879
0.5897435897 0.1282051282 0.0478952124
0.5897435897 0.1538461538 0.0569103756
0.5897435897 0.1794871795 0.0656148919
0.5897435897 0.2051282051 0.0739551497
0.5897435897 0.2307692308 0.0818774050
0.5897435897 0.2564102564 0.0893281946
0.5897435897 0.2820512821 0.0962548586
0.5897435897 0.3076923077 0.1026061552
0.5897435897 0.3333333333 0.1083329454
0.5897435897 0.3589743590 0.1133889236
0.5897435897 0.3846153846 0.1177313646
0.5897435897 0.4102564103 0.1213218612
0.5897435897 0.4358974359 0.1241270237
0.5897435897 0.4615384615 0.1261191158
0.5897435897 0.4871794872 0.1272766053
0.5897435897 0.5128205128 0.1275846098
0.5897435897 0.5384615385 0.1270352234
0.5897435897 0.5641025641 0.1256277145
0.5897435897 0.5897435897 0.1233685908
0.5897435897 0.6153846154 0.1202715311
0.5897435897 0.6410256410 0.1163571907
0.5897435897 0.6666666667 0.1116528897
0.5897435897 0.6923076923 0.1061922002
0.5897435897 0.7179487179 0.1000144495
0.5897435897 0.7435897436 0.0931641609
0.5897435897 0.7692307692 0.0856904551
0.5897435897 0.7948717949 0.0776464338
0.5897435897 0.8205128205 0.0690885692
0.5897435897 0.8461538462 0.0600761196
0.5897435897 0.8717948718 0.0506705860
0.5897435897 0.8974358974 0.0409352252
0.5897435897 0.9230769231 0.0309346238
0.5897435897 0.9487179487 0.0207343366
0.5897435897 0.9743589744 0.0104005840
0.5897435897 1.0000000000 0.0000000000
0.6153846154 0.0000000000 0.0000000000
0.6153846154 0.0256410256 0.0089307070
0.6153846154 0.0512820513 0.0178138971
0.6153846154 0.0769230769 0.0266019085
0.6153846154 0.1025641026 0.0352468149
0.6153846154 0.1282051282 0.0437003533
0.6153846154 0.1538461538 0.0519139204
0.6153846154 0.1794871795 0.0598386510
0.6153846154 0.2051282051 0.0674255896
0.6153846154 0.2307692308 0.0746259578
0.6153846154 0.2564102564 0.0813915150
0.6153846154 0.2820512821 0.0876750049
0.6153846154 0.3076923077 0.0934306741
0.6153846154 0.3333333333 0.0986148458
0.6153846154 0.3589743590 0.1031865293
0.6153846154 0.3846153846 0.1071080416
0.6153846154 0.4102564103 0.1103456209
0.6153846154 0.4358974359 0.1128700084
0.6153846154 0.4615384615 0.1146569782
0.6153846154 0.4871794872 0.1156877960
0.6153846154 0.5128205128 0.1159495932
0.6153846154 0.5384615385 0.1154356415
0.6153846154 0.5641025641 0.1141455224
0.6153846154 0.5897435897 0.1120851866
0.6153846154 0.6153846154 0.1092669032
0.6153846154 0.6410256410 0.1057091040
0.6153846154 0.6666666667 0.1014361304
0.6153846154 0.6923076923 0.0964778956
0.6153846154 0.7179487179 0.0908694749
0.6153846154 0.7435897436 0.0846506428
0.6153846154 0.7692307692 0.0778653737
0.6153846154 0.7948717949 0.0705613243
0.6153846154 0.8205128205 0.0627893158
0.6153846154 0.8461538462 0.0546028323
0.6153846154 0.8717948718 0.0460575474
0.6153846154 0.8974358974 0.0372108898
0.6153846154 0.9230769231 0.0281216542
0.6153846154 0.9487179487 0.0188496577
0.6153846154 0.9743589744 0.0094554399
0.6153846154 1.0000000000 0.0000000000
0.6410256410 0.0000000000 0.0000000000
0.6410256410 0.0256410256 0.0081262478
0.6410256410 0.0512820513 0.0162082747
0.6410256410 0.0769230769 0.0242017845
0.6410256410 0.1025641026 0.0320623493
0.6410256410 0.1282051282 0.0397453908
0.6410256410 0.1538461538 0.0472062130
0.6410256410 0.1794871795 0.0544001001
0.6410256410 0.2051282051 0.0612824854
0.6410256410 0.2307692308 0.0678091951
0.6410256410 0.2564102564 0.0739367651
0.6410256410 0.2820512821 0.0796228241
0.6410256410 0.3076923077 0.0848265333
0.6410256410 0.3333333333 0.0895090694
0.6410256410 0.3589743590 0.0936341339
0.6410256410 0.3846153846 0.0971684731
0.6410256410 0.4102564103 0.1000823890
0.6410256410 0.4358974359 0.1023502241
0.6410256410 0.4615384615 0.1039508031
0.6410256410 0.4871794872 0.1048678168
0.6410256410 0.5128205128 0.1050901349
0.6410256410 0.5384615385 0.1046120375
0.6410256410 0.5641025641 0.1034333602
0.6410256410 0.5897435897 0.1015595469
0.6410256410 0.6153846154 0.0990016128
0.6410256410 0.6410256410 0.0957760192
0.6410256410 0.6666666667 0.0919044672
0.6410256410 0.6923076923 0.0874136198
0.6410256410 0.7179487179 0.0823347637
0.6410256410 0.7435897436 0.0767034241
0.6410256410 0.7692307692 0.0705589462
0.6410256410 0.7948717949 0.0639440592
0.6410256410 0.8205128205 0.0569044354
0.6410256410 0.8461538462 0.0494882578
0.6410256410 0.8717948718 0.0417458065
0.6410256410 0.8974358974 0.0337290720
0.6410256410 0.9230769231 0.0254913999
0.6410256410 0.9487179487 0.0170871694
0.6410256410 0.9743589744 0.0085715024
0.6410256410 1.0000000000 0.0000000000
0.6666666667 0.0000000000 0.0000000000
0.6666666667 0.0256410256 0.0073659946
0.6666666667 0.0512820513 0.0146911398
0.6666666667 0.0769230769 0.0219345612
0.6666666667 0.1025641026 0.0290553488
0.6666666667 0.1282051282 0.0360125753
0.6666666667 0.1538461538 0.0427653551
0.6666666667 0.1794871795 0.0492729525
0.6666666667 0.2051282051 0.0554949460
0.6666666667 0.2307692308 0.0613914499
0.6666666667 0.2564102564 0.0669233933
0.6666666667 0.2820512821 0.0720528502
0.6666666667 0.3076923077 0.0767434140
0.6666666667 0.3333333333 0.0809606048
0.6666666667 0.3589743590 0.0846722972
0.6666666667 0.3846153846 0.0878491557
0.6666666667 0.4102564103 0.0904650610
0.6666666667 0.4358974359 0.0924975151
0.6666666667 0.4615384615 0.0939280102
0.6666666667 0.4871794872 0.0947423491
0.6666666667 0.5128205128 0.0949309077
0.6666666667 0.5384615385 0.0944888305
0.6666666667 0.5641025641 0.0934161532
0.6666666667 0.5897435897 0.0917178508
0.6666666667 0.6153846154 0.0894038096
0.6666666667 0.6410256410 0.0864887263
0.6666666667 0.6666666667 0.0829919396
0.6666666667 0.6923076923 0.0789372009
0.6666666667 0.7179487179 0.0743523934
0.6666666667 0.7435897436 0.0692692108
0.6666666667 0.7692307692 0.0637228056
0.6666666667 0.7948717949 0.0577514202
0.6666666667 0.8205128205 0.0513960103
0.6666666667 0.8461538462 0.0446998713
0.6666666667 0.8717948718 0.0377082767
0.6666666667 0.8974358974 0.0304681333
0.6666666667 0.9230769231 0.0230276599
0.6666666667 0.9487179487 0.0154360881
0.6666666667 0.9743589744 0.0077433857
0.6666666667 1.0000000000 0.0000000000
0.6923076923 0.0000000000 0.0000000000
0.6923076923 0.0256410256 0.0066465765
0.6923076923 0.0512820513 0.0132557004
0.6923076923 0.0769230769 0.0197899295
0.6923076923 0.1025641026 0.0262118533
0.6923076923 0.1282051282 0.0324841372
0.6923076923 0.1538461538 0.0385695974
0.6923076923 0.1794871795 0.0444313145
0.6923076923 0.2051282051 0.0500327900
0.6923076923 0.2307692308 0.0553381481
0.6923076923 0.2564102564 0.0603123805
0.6923076923 0.2820512821 0.0649216326
0.6923076923 0.3076923077 0.0691335224
0.6923076923 0.3333333333 0.0729174854
0.6923076923 0.3589743590 0.0762451348
0.6923076923 0.3846153846 0.0790906262
0.6923076923 0.4102564103 0.0814310144
0.6923076923 0.4358974359 0.0832465922
0.6923076923 0.4615384615 0.0845211981
0.6923076923 0.4871794872 0.0852424850
0.6923076923 0.5128205128 0.0854021399
0.6923076923 0.5384615385 0.0849960482
0.6923076923 0.5641025641 0.0840243983
0.6923076923 0.5897435897 0.0824917239
0.6923076923 0.6153846154 0.0804068832
0.6923076923 0.6410256410 0.0777829771
0.6923076923 0.6666666667 0.0746372111
0.6923076923 0.6923076923 0.0709907054
0.6923076923 0.7179487179 0.0668682614
0.6923076923 0.7435897436 0.0622980925
0.6923076923 0.7692307692 0.0573115279
0.6923076923 0.7948717949 0.0519426996
0.6923076923 0.8205128205 0.0462282198
0.6923076923 0.8461538462 0.0402068585
0.6923076923 0.8717948718 0.0339192262
0.6923076923 0.8974358974 0.0274074687
0.6923076923 0.9230769231 0.0207149762
0.6923076923 0.9487179487 0.0138861089
0.6923076923 0.9743589744 0.0069659379
0.6923076923 1.0000000000 0.0000000000
0.7179487179 0.0000000000 0.0000000000
0.7179487179 0.0256410256 0.0059645975
0.7179487179 0.0512820513 0.0118951290
0.7179487179 0.0769230769 0.0177575628
0.7179487179 0.1025641026 0.0235179445
0.7179487179 0.1282051282 0.0291424570
0.7179487179 0.1538461538 0.0345975048
0.7179487179 0.1794871795 0.0398498283
0.7179487179 0.2051282051 0.0448666507
0.7179487179 0.2307692308 0.0496158605
0.7179487179 0.2564102564 0.0540662269
0.7179487179 0.2820512821 0.0581876472
0.7179487179 0.3076923077 0.0619514194
0.7179487179 0.3333333333 0.0653305342
0.7179487179 0.3589743590 0.0682999788
0.7179487179 0.3846153846 0.0708370428
0.7179487179 0.4102564103 0.0729216170
0.7179487179 0.4358974359 0.0745364765
0.7179487179 0.4615384615 0.0756675382
0.7179487179 0.4871794872 0.0763040852
0.7179487179 0.5128205128 0.0764389509
0.7179487179 0.5384615385 0.0760686572
0.7179487179 0.5641025641 0.0751935033
0.7179487179 0.5897435897 0.0738176021
0.7179487179 0.6153846154 0.0719488651
0.7179487179 0.6410256410 0.0695989361
0.7179487179 0.6666666667 0.0667830768
0.7179487179 0.6923076923 0.0635200100
0.7179487179 0.7179487179 0.0598317243
0.7179487179 0.7435897436 0.0557432487
0.7179487179 0.7692307692 0.0512824026
0.7179487179 0.7948717949 0.0464795294
0.7179487179 0.8205128205 0.0413672212
0.7179487179 0.8461538462 0.0359800386
0.7179487179 0.8717948718 0.0303542351
0.7179487179 0.8974358974 0.0245274858
0.7179487179 0.9230769231 0.0185386271
0.7179487179 0.9487179487 0.0124274066
0.7179487179 0.9743589744 0.0062342437
0.7179487179 1.0000000000 0.0000000000
0.7435897436 0.0000000000 0.0000000000
0.7435897436 0.0256410256 0.0053166716
0.7435897436 0.0512820513 0.0106026298
0.7435897436 0.0769230769 0.0158272105
0.7435897436 0.1025641026 0.0209598549
0.7435897436 0.1282051282 0.0259701795
0.7435897436 0.1538461538 0.0308280631
0.7435897436 0.1794871795 0.0355037586
0.7435897436 0.2051282051 0.0399680291
0.7435897436 0.2307692308 0.0441923113
0.7435897436 0.2564102564 0.0481489054
0.7435897436 0.2820512821 0.0518111876
0.7435897436 0.3076923077 0.0551538436
0.7435897436 0.3333333333 0.0581531163
0.7435897436 0.3589743590 0.0607870607
0.7435897436 0.3846153846 0.0630358014
0.7435897436 0.4102564103 0.0648817824
0.7435897436 0.4358974359 0.0663100037
0.7435897436 0.4615384615 0.0673082361
0.7435897436 0.4871794872 0.0678672088
0.7435897436 0.5128205128 0.0679807634
0.7435897436 0.5384615385 0.0676459697
0.7435897436 0.5641025641 0.0668632007
0.7435897436 0.5897435897 0.0656361642
0.7435897436 0.6153846154 0.0639718914
0.7435897436 0.6410256410 0.0618806826
0.7435897436 0.6666666667 0.0593760132
0.7435897436 0.6923076923 0.0564744033
0.7435897436 0.7179487179 0.0531952547
0.7435897436 0.7435897436 0.0495606615
0.7435897436 0.7692307692 0.0455951994
0.7435897436 0.7948717949 0.0413256996
0.7435897436 0.8205128205 0.0367810123
0.7435897436 0.8461538462 0.0319917663
0.7435897436 0.8717948718 0.0269901278
0.7435897436 0.8974358974 0.0218095622
0.7435897436 0.9230769231 0.0164846020
0.7435897436 0.9487179487 0.0110506212
0.7435897436 0.9743589744 0.0055436175
0.7435897436 1.0000000000 0.0000000000
0.7692307692 0.0000000000 0.0000000000
0.7692307692 0.0256410256 0.0046994474
0.7692307692 0.0512820513 0.0093714846
0.7692307692 0.0769230769 0.0139887591
0.7692307692 0.1025641026 0.0185240387
0.7692307692 0.1282051282 0.0229502852
0.7692307692 0.1538461538 0.0272407411
0.7692307692 0.1794871795 0.0313690353
0.7692307692 0.2051282051 0.0353093073
0.7692307692 0.2307692308 0.0390363529
0.7692307692 0.2564102564 0.0425257896
0.7692307692 0.2820512821 0.0457542400
0.7692307692 0.3076923077 0.0486995302
0.7692307692 0.3333333333 0.0513408991
0.7692307692 0.3589743590 0.0536592133
0.7692307692 0.3846153846 0.0556371820
0.7692307692 0.4102564103 0.0572595663
0.7692307692 0.4358974359 0.0585133756
0.7692307692 0.4615384615 0.0593880476
0.7692307692 0.4871794872 0.0598756035
0.7692307692 0.5128205128 0.0599707771
0.7692307692 0.5384615385 0.0596711113
0.7692307692 0.5641025641 0.0589770213
0.7692307692 0.5897435897 0.0578918212
0.7692307692 0.6153846154 0.0564217160
0.7692307692 0.6410256410 0.0545757566
0.7692307692 0.6666666667 0.0523657627
0.7692307692 0.6923076923 0.0498062143
0.7692307692 0.7179487179 0.0469141157
0.7692307692 0.7435897436 0.0437088370
0.7692307692 0.7692307692 0.0402119365
0.7692307692 0.7948717949 0.0364469687
0.7692307692 0.8205128205 0.0324392834
0.7692307692 0.8461538462 0.0282158182
0.7692307692 0.8717948718 0.0238048900
0.7692307692 0.8974358974 0.0192359867
0.7692307692 0.9230769231 0.0145395621
0.7692307692 0.9487179487 0.0097468352
0.7692307692 0.9743589744 0.0048895932
0.7692307692 1.0000000000 0.0000000000
0.7948717949 0.0000000000 0.0000000000
0.7948717949 0.0256410256 0.0041096226
0.7948717949 0.0512820513 0.0081950805
0.7948717949 0.0769230769 0.0122322700
0.7948717949 0.1025641026 0.0161972128
0.7948717949 0.1282051282 0.0200661284
0.7948717949 0.1538461538 0.0238155181
0.7948717949 0.1794871795 0.0274222619
0.7948717949 0.2051282051 0.0308637305
0.7948717949 0.2307692308 0.0341179136
0.7948717949 0.2564102564 0.0371635626
0.7948717949 0.2820512821 0.0399803479
0.7948717949 0.3076923077 0.0425490267
0.7948717949 0.3333333333 0.0448516195
0.7948717949 0.3589743590 0.0468715891
0.7948717949 0.3846153846 0.0485940206
0.7948717949 0.4102564103 0.0500057950
0.7948717949 0.4358974359 0.0510957524
0.7948717949 0.4615384615 0.0518548407
0.7948717949 0.4871794872 0.0522762453
0.7948717949 0.5128205128 0.0523554949
0.7948717949 0.5384615385 0.0520905430
0.7948717949 0.5641025641 0.0514818193
0.7948717949 0.5897435897 0.0505322536
0.7948717949 0.6153846154 0.0492472683
0.7948717949 0.6410256410 0.0476347428
0.7948717949 0.6666666667 0.0457049496
0.7948717949 0.6923076923 0.0434704640
0.7948717949 0.7179487179 0.0409460519
0.7948717949 0.7435897436 0.0381485368
0.7948717949 0.7692307692 0.0350966510
0.7948717949 0.7948717949 0.0318108741
0.7948717949 0.8205128205 0.0283132620
0.7948717949 0.8461538462 0.0246272701
0.7948717949 0.8717948718 0.0207775742
0.7948717949 0.8974358974 0.0167898896
0.7948717949 0.9230769231 0.0126907924
0.7948717949 0.9487179487 0.0085075424
0.7948717949 0.9743589744 0.0042679092
0.7948717949 1.0000000000 0.0000000000
0.8205128205 0.0000000000 0.0000000000
0.8205128205 0.0256410256 0.0035439524
0.8205128205 0.0512820513 0.0070669252
0.8205128205 0.0769230769 0.0105479985
0.8205128205 0.1025641026 0.0139663752
0.8205128205 0.1282051282 0.0173014494
0.8205128205 0.1538461538 0.0205328840
0.8205128205 0.1794871795 0.0236406981
0.8205128205 0.2051282051 0.0266053657
0.8205128205 0.2307692308 0.0294079270
0.8205128205 0.2564102564 0.0320301108
0.8205128205 0.2820512821 0.0344544672
0.8205128205 0.3076923077 0.0366645086
0.8205128205 0.3333333333 0.0386448568
0.8205128205 0.3589743590 0.0403813921
0.8205128205 0.3846153846 0.0418614018
0.8205128205 0.4102564103 0.0430737231
0.8205128205 0.4358974359 0.0440088781
0.8205128205 0.4615384615 0.0446591960
0.8205128205 0.4871794872 0.0450189194
0.8205128205 0.5128205128 0.0450842919
0.8205128205 0.5384615385 0.0448536247
0.8205128205 0.5641025641 0.0443273394
0.8205128205 0.5897435897 0.0435079877
0.8205128205 0.6153846154 0.0424002460
0.8205128205 0.6410256410 0.0410108861
0.8205128205 0.6666666667 0.0393487227
0.8205128205 0.6923076923 0.0374245394
0.8205128205 0.7179487179 0.0352509961
0.8205128205 0.7435897436 0.0328425188
0.8205128205 0.7692307692 0.0302151754
0.8205128205 0.7948717949 0.0273865412
0.8205128205 0.8205128205 0.0243755548
0.8205128205 0.8461538462 0.0212023692
0.8205128205 0.8717948718 0.0178881990
0.8205128205 0.8974358974 0.0144551662
0.8205128205 0.9230769231 0.0109261460
0.8205128205 0.9487179487 0.0073246134
0.8205128205 0.9743589744 0.0036744912
0.8205128205 1.0000000000 0.0000000000
0.8461538462 0.0000000000 0.0000000000
0.8461538462 0.0256410256 0.0029992531
0.8461538462 0.0512820513 0.0059806518
0.8461538462 0.0769230769 0.0089263975
0.8461538462 0.1025641026 0.0118188054
0.8461538462 0.1282051282 0.0146403672
0.8461538462 0.1538461538 0.0173738198
0.8461538462 0.1794871795 0.0200022224
0.8461538462 0.2051282051 0.0225090416
0.8461538462 0.2307692308 0.0248782457
0.8461538462 0.2564102564 0.0270944079
0.8461538462 0.2820512821 0.0291428169
0.8461538462 0.3076923077 0.0310095938
0.8461538462 0.3333333333 0.0326818125
0.8461538462 0.3589743590 0.0341476224
0.8461538462 0.3846153846 0.0353963694
0.8461538462 0.4102564103 0.0364187127
0.8461538462 0.4358974359 0.0372067341
0.8461538462 0.4615384615 0.0377540375
0.8461538462 0.4871794872 0.0380558354
0.8461538462 0.5128205128 0.0381090197
0.8461538462 0.5384615385 0.0379122161
0.8461538462 0.5641025641 0.0374658189
0.8461538462 0.5897435897 0.0367720070
0.8461538462 0.6153846154 0.0358347401
0.8461538462 0.6410256410 0.0346597345
0.8461538462 0.6666666667 0.0332544210
0.8461538462 0.6923076923 0.0316278850
0.8461538462 0.7179487179 0.0297907900
0.8461538462 0.7435897436 0.0277552881
0.8461538462 0.7692307692 0.0255349184
0.8461538462 0.7948717949 0.0231444950
0.8461538462 0.8205128205 0.0205999885
0.8461538462 0.8461538462 0.0179184022
0.8461538462 0.8717948718 0.0151176437
0.8461538462 0.8974358974 0.0122163958
0.8461538462 0.9230769231 0.0092339860
0.8461538462 0.9487179487 0.0061902563
0.8461538462 0.9743589744 0.0031054334
0.8461538462 1.0000000000 0.0000000000
0.8717948718 0.0000000000 0.0000000000
0.8717948718 0.0256410256 0.0024724006
0.8717948718 0.0512820513 0.0049300163
0.8717948718 0.0769230769 0.0073581117
0.8717948718 0.1025641026 0.0097420518
0.8717948718 0.1282051282 0.0120673569
0.8717948718 0.1538461538 0.0143197616
0.8717948718 0.1794871795 0.0164852796
0.8717948718 0.2051282051 0.0185502756
0.8717948718 0.2307692308 0.0205015433
0.8717948718 0.2564102564 0.0223263897
0.8717948718 0.2820512821 0.0240127255
0.8717948718 0.3076923077 0.0255491592
0.8717948718 0.3333333333 0.0269250948
0.8717948718 0.3589743590 0.0281308298
0.8717948718 0.3846153846 0.0291576521
0.8717948718 0.4102564103 0.0299979331
0.8717948718 0.4358974359 0.0306452151
0.8717948718 0.4615384615 0.0310942904
0.8717948718 0.4871794872 0.0313412702
0.8717948718 0.5128205128 0.0313836408
0.8717948718 0.5384615385 0.0312203070
0.8717948718 0.5641025641 0.0308516201
0.8717948718 0.5897435897 0.0302793904
0.8717948718 0.6153846154 0.0295068842
0.8717948718 0.6410256410 0.0285388050
0.8717948718 0.6666666667 0.0273812599
0.8717948718 0.6923076923 0.0260417115
0.8717948718 0.7179487179 0.0245289171
0.8717948718 0.7435897436 0.0228528570
0.8717948718 0.7692307692 0.0210246522
0.8717948718 0.7948717949 0.0190564747
0.8717948718 0.8205128205 0.0169614515
0.8717948718 0.8461538462 0.0147535633
0.8717948718 0.8717948718 0.0124475405
0.8717948718 0.8974358974 0.0100587572
0.8717948718 0.9230769231 0.0076031233
0.8717948718 0.9487179487 0.0050969772
0.8717948718 0.9743589744 0.0025569785
0.8717948718 1.0000000000 0.0000000000
0.8974358974 0.0000000000 0.0000000000
0.8974358974 0.0256410256 0.0019603265
0.8974358974 0.0512820513 0.0039088883
0.8974358974 0.0769230769 0.0058339619
0.8974358974 0.1025641026 0.0077239079
0.8974358974 0.1282051282 0.0095672159
0.8974358974 0.1538461538 0.0113525528
0.8974358974 0.1794871795 0.0130688159
0.8974358974 0.2051282051 0.0147051899
0.8974358974 0.2307692308 0.0162512092
0.8974358974 0.2564102564 0.0176968246
0.8974358974 0.2820512821 0.0190324741
0.8974358974 0.3076923077 0.0202491568
0.8974358974 0.3333333333 0.0213385084
0.8974358974 0.3589743590 0.0222928777
0.8974358974 0.3846153846 0.0231054013
0.8974358974 0.4102564103 0.0237700756
0.8974358974 0.4358974359 0.0242818244
0.8974358974 0.4615384615 0.0246365595
0.8974358974 0.4871794872 0.0248312342
0.8974358974 0.5128205128 0.0248638863
0.8974358974 0.5384615385 0.0247336717
0.8974358974 0.5641025641 0.0244408858
0.8974358974 0.5897435897 0.0239869734
0.8974358974 0.6153846154 0.0233745264
0.8974358974 0.6410256410 0.0226072692
0.8974358974 0.6666666667 0.0216900329
0.8974358974 0.6923076923 0.0206287181
0.8974358974 0.7179487179 0.0194302481
0.8974358974 0.7435897436 0.0181025130
0.8974358974 0.7692307692 0.0166543056
0.8974358974 0.7948717949 0.0150952522
0.8974358974 0.8205128205 0.0134357367
0.8974358974 0.8461538462 0.0116868217
0.8974358974 0.8717948718 0.0098601666
0.8974358974 0.8974358974 0.0079679438
0.8974358974 0.9230769231 0.0060227535
0.8974358974 0.9487179487 0.0040375381
0.8974358974 0.9743589744 0.0020254969
0.8974358974 1.0000000000 0.0000000000
0.9230769231 0.0000000000 0.0000000000
0.9230769231 0.0256410256 0.0014600120
0.9230769231 0.0512820513 0.0029112380
0.9230769231 0.0769230769 0.0043449242
0.9230769231 0.1025641026 0.0057523816
0.9230769231 0.1282051282 0.0071250205
0.9230769231 0.1538461538 0.0084543878
0.9230769231 0.1794871795 0.0097322068
0.9230769231 0.2051282051 0.0109504201
0.9230769231 0.2307692308 0.0121012361
0.9230769231 0.2564102564 0.0131771787
0.9230769231 0.2820512821 0.0141711395
0.9230769231 0.3076923077 0.0150764322
0.9230769231 0.3333333333 0.0158868484
0.9230769231 0.3589743590 0.0165967131
0.9230769231 0.3846153846 0.0172009394
0.9230769231 0.4102564103 0.0176950816
0.9230769231 0.4358974359 0.0180753840
0.9230769231 0.4615384615 0.0183388249
0.9230769231 0.4871794872 0.0184831562
0.9230769231 0.5128205128 0.0185069340
0.9230769231 0.5384615385 0.0184095435
0.9230769231 0.5641025641 0.0181912146
0.9230769231 0.5897435897 0.0178530290
0.9230769231 0.6153846154 0.0173969184
0.9230769231 0.6410256410 0.0168256541
0.9230769231 0.6666666667 0.0161428283
0.9230769231 0.6923076923 0.0153528267
0.9230769231 0.7179487179 0.0144607943
0.9230769231 0.7435897436 0.0134725944
0.9230769231 0.7692307692 0.0123947622
0.9230769231 0.7948717949 0.0112344530
0.9230769231 0.8205128205 0.0099993868
0.9230769231 0.8461538462 0.0086977901
0.9230769231 0.8717948718 0.0073383352
0.9230769231 0.8974358974 0.0059300776
0.9230769231 0.9230769231 0.0044823932
0.9230769231 0.9487179487 0.0030049144
0.9230769231 0.9743589744 0.0015074657
0.9230769231 1.0000000000 0.0000000000
0.9487179487 0.0000000000 0.0000000000
0.9487179487 0.0256410256 0.0009684794
0.9487179487 0.0512820513 0.0019311198
0.9487179487 0.0769230769 0.0028821038
0.9487179487 0.1025641026 0.0038156582
0.9487179487 0.1282051282 0.0047260775
0.9487179487 0.1538461538 0.0056077485
0.9487179487 0.1794871795 0.0064551774
0.9487179487 0.2051282051 0.0072630183
0.9487179487 0.2307692308 0.0080261040
0.9487179487 0.2564102564 0.0087394793
0.9487179487 0.2820512821 0.0093984350
0.9487179487 0.3076923077 0.0099985440
0.9487179487 0.3333333333 0.0105356977
0.9487179487 0.3589743590 0.0110061425
0.9487179487 0.3846153846 0.0114065159
0.9487179487 0.4102564103 0.0117338807
0.9487179487 0.4358974359 0.0119857570
0.9487179487 0.4615384615 0.0121601516
0.9487179487 0.4871794872 0.0122555828
0.9487179487 0.5128205128 0.0122711011
0.9487179487 0.5384615385 0.0122063052
0.9487179487 0.5641025641 0.0120613524
0.9487179487 0.5897435897 0.0118369627
0.9487179487 0.6153846154 0.0115344183
0.9487179487 0.6410256410 0.0111555565
0.9487179487 0.6666666667 0.0107027574
0.9487179487 0.6923076923 0.0101789260
0.9487179487 0.7179487179 0.0095874700
0.9487179487 0.7435897436 0.0089322730
0.9487179487 0.7692307692 0.0082176635
0.9487179487 0.7948717949 0.0074483814
0.9487179487 0.8205128205 0.0066295412
0.9487179487 0.8461538462 0.0057665941
0.9487179487 0.8717948718 0.0048652872
0.9487179487 0.8974358974 0.0039316227
0.9487179487 0.9230769231 0.0029718158
0.9487179487 0.9487179487 0.0019922527
0.9487179487 0.9743589744 0.0009994475
0.9487179487 1.0000000000 0.0000000000
0.9743589744 0.0000000000 0.0000000000
0.9743589744 0.0256410256 0.0004827834
0.9743589744 0.0512820513 0.0009626527
0.9743589744 0.0769230769 0.0014367050
0.9743589744 0.1025641026 0.0019020596
0.9743589744 0.1282051282 0.0023558699
0.9743589744 0.1538461538 0.0027953362
0.9743589744 0.1794871795 0.0032177185
0.9743589744 0.2051282051 0.0036203518
0.9743589744 0.2307692308 0.0040006607
0.9743589744 0.2564102564 0.0043561760
0.9743589744 0.2820512821 0.0046845520
0.9743589744 0.3076923077 0.0049835843
0.9743589744 0.3333333333 0.0052512275
0.9743589744 0.3589743590 0.0054856138
0.9743589744 0.3846153846 0.0056850704
0.9743589744 0.4102564103 0.0058481367
0.9743589744 0.4358974359 0.0059735798
0.9743589744 0.4615384615 0.0060604093
0.9743589744 0.4871794872 0.0061078895
0.9743589744 0.5128205128 0.0061155496
0.9743589744 0.5384615385 0.0060831915
0.9743589744 0.5641025641 0.0060108949
0.9743589744 0.5897435897 0.0058990196
0.9743589744 0.6153846154 0.0057482050
0.9743589744 0.6410256410 0.0055593666
0.9743589744 0.6666666667 0.0053336903
0.9743589744 0.6923076923 0.0050726228
0.9743589744 0.7179487179 0.0047778615
0.9743589744 0.7435897436 0.0044513405
0.9743589744 0.7692307692 0.0040952157
0.9743589744 0.7948717949 0.0037118480
0.9743589744 0.8205128205 0.0033037852
0.9743589744 0.8461538462 0.0028737427
0.9743589744 0.8717948718 0.0024245840
0.9743589744 0.8974358974 0.0019592997
0.9743589744 0.9230769231 0.0014809868
0.9743589744 0.9487179487 0.0009928278
0.9743589744 0.9743589744 0.0004980692
0.9743589744 1.0000000000 0.0000000000
1.0000000000 0.0000000000 0.0000000000
1.0000000000 0.0256410256 0.0000000000
1.0000000000 0.0512820513 0.0000000000
1.0000000000 0.0769230769 0.0000000000
1.0000000000 0.1025641026 0.0000000000
1.0000000000 0.1282051282 0.0000000000
1.0000000000 0.1538461538 0.0000000000
1.0000000000 0.1794871795 0.0000000000
1.0000000000 0.2051282051 0.0000000000
1.0000000000 0.2307692308 0.0000000000
1.0000000000 0.2564102564 0.0000000000
1.0000000000 0.2820512821 0.0000000000
1.0000000000 0.3076923077 0.0000000000
1.0000000000 0.3333333333 0.0000000000
1.0000000000 0.3589743590 0.0000000000
1.0000000000 0.3846153846 0.0000000000
1.0000000000 0.4102564103 0.0000000000
1.0000000000 0.4358974359 0.0000000000
1.0000000000 0.4615384615 0.0000000000
1.0000000000 0.4871794872 0.0000000000
1.0000000000 0.5128205128 0.0000000000
1.0000000000 0.5384615385 0.0000000000
1.0000000000 0.5641025641 0.0000000000
1.0000000000 0.5897435897 0.0000000000
1.0000000000 0.6153846154 0.0000000000
1.0000000000 0.6410256410 0.0000000000
1.0000000000 0.6666666667 0.0000000000
1.0000000000 0.6923076923 0.0000000000
1.0000000000 0.7179487179 0.0000000000
1.0000000000 0.7435897436 0.0000000000
1.0000000000 0.7692307692 0.0000000000
1.0000000000 0.7948717949 0.0000000000
1.0000000000 0.8205128205 0.0000000000
1.0000000000 0.8461538462 0.0000000000
1.0000000000 0.8717948718 0.0000000000
1.0000000000 0.8974358974 0.0000000000
1.0000000000 0.9230769231 0.0000000000
1.0000000000 0.9487179487 0.0000000000
1.0000000000 0.9743589744 0.0000000000
1.0000000000 1.0000000000 0.0000000000
